19	1040773	rs10406449	A	G	5.296e-02	0	0.000e+00	0.000e+00	0.000e+00	6.330e-02	8.014e-01	873
19	1041352	rs3752229	A	G	8.914e-02	0	0.000e+00	0.000e+00	0.000e+00	3.268e-02	8.566e-01	916
19	1042850	rs3764646	C	T	4.760e-02	0	0.000e+00	0.000e+00	0.000e+00	3.619e-01	5.475e-01	612
19	1043748	rs3752232	A	G	5.131e-02	0	0.000e+00	0.000e+00	0.000e+00	1.429e-01	7.054e-01	772
19	1044328	rs4147909	C	T	2.209e-01	0	0.000e+00	0.000e+00	0.000e+00	9.209e-01	3.372e-01	413
19	1044712	rs3764647	A	G	5.035e-02	0	0.000e+00	0.000e+00	0.000e+00	1.303e-01	7.181e-01	780
19	1044975	rs3764649	C	G	5.885e-02	0	0.000e+00	0.000e+00	0.000e+00	2.235e+00	1.349e-01	220
19	1045973	rs150593211	TCCAG	T	2.219e-01	0	0.000e+00	0.000e+00	0.000e+00	1.144e+00	2.849e-01	354
19	1045985	rs113327101	G	T	8.021e-02	0	0.000e+00	0.000e+00	0.000e+00	1.613e-01	6.880e-01	757
19	1046076	rs72973584	C	T	5.460e-02	0	0.000e+00	0.000e+00	0.000e+00	2.807e+00	9.385e-02	188
19	1046520	rs3764650	T	G	1.334e-01	0	0.000e+00	0.000e+00	0.000e+00	9.584e-02	7.569e-01	822
19	1046748	19:1046748:A:AG	A	AG	1.201e-01	0	0.000e+00	0.000e+00	0.000e+00	2.481e-02	8.748e-01	930
19	1047078	rs4147910	A	G	1.332e-01	0	0.000e+00	0.000e+00	0.000e+00	9.557e-02	7.572e-01	825
19	1047687	rs4147911	C	G	1.202e-01	0	0.000e+00	0.000e+00	0.000e+00	2.011e-02	8.872e-01	941
19	1048021	rs73505217	A	G	1.332e-01	0	0.000e+00	0.000e+00	0.000e+00	1.016e-01	7.499e-01	811
19	1048051	rs78410552	G	T	1.244e-01	0	0.000e+00	0.000e+00	0.000e+00	4.009e-02	8.413e-01	907
19	1048116	rs76348507	G	A	1.203e-01	0	0.000e+00	0.000e+00	0.000e+00	1.443e-02	9.044e-01	959
19	1048393	rs67027268	G	A	1.260e-01	0	0.000e+00	0.000e+00	0.000e+00	4.484e-02	8.323e-01	898
19	1048509	rs8100512	C	A	8.979e-01	0	0.000e+00	0.000e+00	0.000e+00	1.094e-01	7.408e-01	799
19	1048662	rs8109683	T	G	8.414e-01	0	0.000e+00	0.000e+00	0.000e+00	1.844e-01	6.676e-01	720
19	1048691	rs143177112	C	T	5.399e-02	0	0.000e+00	0.000e+00	0.000e+00	2.780e-01	5.980e-01	657
19	1049012	rs4147912	A	C	7.900e-01	0	0.000e+00	0.000e+00	0.000e+00	2.750e-01	6.000e-01	661
19	1049269	rs4147914	G	A	1.792e-01	0	0.000e+00	0.000e+00	0.000e+00	3.024e-01	5.824e-01	644
19	1050130	rs7408475	G	C	7.664e-01	0	0.000e+00	0.000e+00	0.000e+00	1.830e-02	8.924e-01	947
19	1050874	rs12151021	A	G	6.721e-01	0	0.000e+00	0.000e+00	0.000e+00	4.068e-02	8.402e-01	906
19	1051137	rs9282562	CTG	C	5.898e-02	0	0.000e+00	0.000e+00	0.000e+00	3.480e+00	6.211e-02	155
19	1051214	rs3752240	A	G	3.079e-01	0	0.000e+00	0.000e+00	0.000e+00	8.577e-01	3.544e-01	420
19	1051751	rs3764651	A	G	4.372e-01	0	0.000e+00	0.000e+00	0.000e+00	1.759e+00	1.847e-01	259
19	1052005	rs3764652	C	T	4.194e-01	0	0.000e+00	0.000e+00	0.000e+00	1.079e+00	2.989e-01	374
19	1052404	rs115056103	T	A	4.366e-01	0	0.000e+00	0.000e+00	0.000e+00	1.773e+00	1.830e-01	257
19	1053299	rs3829687	C	T	4.292e-01	0	0.000e+00	0.000e+00	0.000e+00	1.708e+00	1.912e-01	264
19	1053524	rs3752241	C	G	1.774e-01	0	0.000e+00	0.000e+00	0.000e+00	6.826e-01	4.087e-01	465
19	1053575	rs9282559	T	G	8.686e-02	0	0.000e+00	0.000e+00	0.000e+00	1.735e-01	6.770e-01	737
19	1053677	rs3752242	G	A	4.197e-01	0	0.000e+00	0.000e+00	0.000e+00	1.089e+00	2.968e-01	373
19	1054060	rs3752243	A	G	4.477e-01	0	0.000e+00	0.000e+00	0.000e+00	2.085e+00	1.488e-01	224
19	1055191	rs3745842	G	A	4.211e-01	0	0.000e+00	0.000e+00	0.000e+00	1.047e+00	3.061e-01	378
19	1055604	rs11671895	C	T	4.217e-01	0	0.000e+00	0.000e+00	0.000e+00	1.062e+00	3.028e-01	376
19	1055718	rs113337161	C	T	1.009e-01	0	0.000e+00	0.000e+00	0.000e+00	1.488e-02	9.029e-01	956
19	1056018	rs3833881	GC	G	4.423e-01	0	0.000e+00	0.000e+00	0.000e+00	1.788e+00	1.811e-01	256
19	1056065	rs881768	A	G	4.323e-01	0	0.000e+00	0.000e+00	0.000e+00	1.201e+00	2.732e-01	348
19	1056492	rs3752246	G	C	7.851e-01	0	0.000e+00	0.000e+00	0.000e+00	2.556e-01	6.131e-01	673
19	1059004	rs2279796	A	G	4.539e-01	0	0.000e+00	0.000e+00	0.000e+00	1.416e+00	2.341e-01	310
19	1059243	rs1137776	T	A	5.007e-02	0	0.000e+00	0.000e+00	0.000e+00	1.954e+00	1.621e-01	240
19	1059555	rs2868065	C	T	3.969e-01	0	0.000e+00	0.000e+00	0.000e+00	2.274e+00	1.315e-01	216
19	1060206	rs539283255	A	T	6.633e-02	0	0.000e+00	0.000e+00	0.000e+00	2.645e-02	8.708e-01	927
19	1060208	rs905150	T	A	1.416e-01	0	0.000e+00	0.000e+00	0.000e+00	6.733e-01	4.119e-01	471
19	1060487	rs10411696	T	G	4.969e-01	0	0.000e+00	0.000e+00	0.000e+00	1.353e+00	2.448e-01	322
19	1060637	rs111745465	G	T	1.127e-01	0	0.000e+00	0.000e+00	0.000e+00	1.044e-01	7.466e-01	808
19	1061920	rs7251375	A	G	5.078e-02	0	0.000e+00	0.000e+00	0.000e+00	6.396e-01	4.239e-01	482
19	1062041	rs4147919	C	G	5.064e-02	0	0.000e+00	0.000e+00	0.000e+00	1.881e-02	8.909e-01	945
19	1062598	rs4147922	T	C	6.949e-01	0	0.000e+00	0.000e+00	0.000e+00	1.100e+00	2.942e-01	368
19	1062701	rs4147923	C	T	3.998e-01	0	0.000e+00	0.000e+00	0.000e+00	2.224e+00	1.359e-01	221
19	1063079	rs1968456	C	G	7.238e-01	0	0.000e+00	0.000e+00	0.000e+00	4.145e-01	5.197e-01	585
19	1063107	rs76478790	C	T	3.922e-01	0	0.000e+00	0.000e+00	0.000e+00	2.002e+00	1.571e-01	234
19	1063303	rs4147924	C	T	6.449e-01	0	0.000e+00	0.000e+00	0.000e+00	1.296e+00	2.549e-01	326
19	1063306	rs4147925	C	T	6.424e-01	0	0.000e+00	0.000e+00	0.000e+00	1.122e+00	2.895e-01	360
19	1063310	rs4147926	C	G	6.368e-01	0	0.000e+00	0.000e+00	0.000e+00	1.038e+00	3.082e-01	380
19	1063312	rs558820627	C	T	6.374e-01	0	0.000e+00	0.000e+00	0.000e+00	1.034e+00	3.091e-01	382
19	1063313	rs577367140	A	G	6.376e-01	0	0.000e+00	0.000e+00	0.000e+00	1.032e+00	3.096e-01	384
19	1063443	rs4147929	A	G	7.884e-01	0	0.000e+00	0.000e+00	0.000e+00	4.714e-01	4.923e-01	548
19	1064193	rs4147930	G	A	6.957e-01	0	0.000e+00	0.000e+00	0.000e+00	1.122e+00	2.896e-01	361
19	1064485	rs4147932	C	T	6.961e-01	0	0.000e+00	0.000e+00	0.000e+00	9.909e-01	3.195e-01	392
19	1064589	rs1609436	G	C	7.001e-01	0	0.000e+00	0.000e+00	0.000e+00	1.428e+00	2.321e-01	309
19	1065018	rs4147934	G	T	6.958e-01	0	0.000e+00	0.000e+00	0.000e+00	1.213e+00	2.708e-01	344
19	1065197	rs4147936	G	C	6.958e-01	0	0.000e+00	0.000e+00	0.000e+00	1.203e+00	2.727e-01	347
19	1065563	rs2242437	G	C	6.954e-01	0	0.000e+00	0.000e+00	0.000e+00	1.205e+00	2.724e-01	346
19	1065677	rs4147937	G	A	6.639e-02	0	0.000e+00	0.000e+00	0.000e+00	2.289e+00	1.303e-01	214
19	1066256	rs4147938	G	A	6.743e-01	0	0.000e+00	0.000e+00	0.000e+00	1.615e+00	2.037e-01	274
19	1066257	rs4147939	G	A	5.870e-02	0	0.000e+00	0.000e+00	0.000e+00	2.940e+00	8.640e-02	182
19	1066738	rs4147940	C	T	3.477e-01	0	0.000e+00	0.000e+00	0.000e+00	1.860e-01	6.662e-01	719
19	1066917	rs905149	G	A	8.076e-01	0	0.000e+00	0.000e+00	0.000e+00	2.129e-01	6.445e-01	703
19	1066936	rs77131765	G	C	4.940e-02	0	0.000e+00	0.000e+00	0.000e+00	8.898e-08	9.998e-01	999
19	1067822	rs1610096	A	G	5.184e-01	0	0.000e+00	0.000e+00	0.000e+00	9.890e-01	3.200e-01	393
19	1067927	rs79119189	C	T	7.502e-02	0	0.000e+00	0.000e+00	0.000e+00	3.215e+00	7.295e-02	172
19	1068734	rs3764653	T	C	3.888e-01	0	0.000e+00	0.000e+00	0.000e+00	2.815e+00	9.337e-02	185
19	1068738	rs1801284	G	A	3.888e-01	0	0.000e+00	0.000e+00	0.000e+00	2.807e+00	9.383e-02	187
19	1068808	rs75181293	G	A	7.477e-02	0	0.000e+00	0.000e+00	0.000e+00	3.253e+00	7.129e-02	171
19	1068873	rs61242726	G	A	8.856e-02	0	0.000e+00	0.000e+00	0.000e+00	1.387e+00	2.389e-01	313
19	1070991	rs10421359	T	G	4.033e-01	0	0.000e+00	0.000e+00	0.000e+00	3.536e+00	6.004e-02	148
19	1073073	rs2072102	A	G	7.175e-01	0	0.000e+00	0.000e+00	0.000e+00	3.294e+00	6.952e-02	169
19	1073409	rs2074441	C	G	7.230e-01	0	0.000e+00	0.000e+00	0.000e+00	3.581e+00	5.845e-02	142
19	1074000	rs2074442	A	T	7.245e-01	0	0.000e+00	0.000e+00	0.000e+00	3.624e+00	5.697e-02	139
19	1074252	rs11084881	T	G	7.319e-01	0	0.000e+00	0.000e+00	0.000e+00	3.278e+00	7.023e-02	170
19	1074315	rs12974537	C	T	7.066e-02	0	0.000e+00	0.000e+00	0.000e+00	3.393e-01	5.602e-01	624
19	1075035	rs3214170	A	C	7.122e-01	0	0.000e+00	0.000e+00	0.000e+00	3.151e+00	7.590e-02	174
19	1075720	rs2269846	C	G	4.440e-01	0	0.000e+00	0.000e+00	0.000e+00	4.462e+00	3.465e-02	114
19	1075979	rs757232	A	G	7.232e-01	0	0.000e+00	0.000e+00	0.000e+00	3.674e+00	5.526e-02	135
19	1076063	rs2269848	T	C	3.856e-01	0	0.000e+00	0.000e+00	0.000e+00	3.296e+00	6.945e-02	168
19	1076681	rs138537907	A	G	1.061e-01	0	0.000e+00	0.000e+00	0.000e+00	3.643e-01	5.461e-01	609
19	1076683	rs2240051	A	G	3.739e-01	0	0.000e+00	0.000e+00	0.000e+00	2.873e+00	9.008e-02	183
19	1076781	rs2240052	A	C	3.469e-01	0	0.000e+00	0.000e+00	0.000e+00	9.423e-02	7.589e-01	830
19	1077433	rs8103850	G	A	2.823e-01	0	0.000e+00	0.000e+00	0.000e+00	2.897e-02	8.649e-01	923
19	1077674	rs117187726	C	T	9.957e-02	0	0.000e+00	0.000e+00	0.000e+00	4.449e-01	5.048e-01	563
19	1077985	rs7251797	A	G	4.067e-01	0	0.000e+00	0.000e+00	0.000e+00	4.856e+00	2.755e-02	108
19	1078252	rs113564647	C	T	3.439e-01	0	0.000e+00	0.000e+00	0.000e+00	4.541e-02	8.313e-01	895
19	1078297	rs35140707	C	T	6.989e-02	0	0.000e+00	0.000e+00	0.000e+00	4.710e-01	4.925e-01	549
19	1078303	rs35532684	T	C	7.005e-02	0	0.000e+00	0.000e+00	0.000e+00	4.831e-01	4.870e-01	541
19	1078363	rs113533221	C	T	3.429e-01	0	0.000e+00	0.000e+00	0.000e+00	3.353e-02	8.547e-01	914
19	1078895	rs113791600	C	A	3.174e-01	0	0.000e+00	0.000e+00	0.000e+00	1.199e-03	9.724e-01	987
19	1079959	rs36084354	G	A	6.708e-02	0	0.000e+00	0.000e+00	0.000e+00	3.774e-01	5.390e-01	601
19	1080311	rs2074454	G	C	7.359e-01	0	0.000e+00	0.000e+00	0.000e+00	4.192e+00	4.061e-02	120
19	1081120	rs8113708	A	G	7.422e-01	0	0.000e+00	0.000e+00	0.000e+00	3.863e+00	4.937e-02	127
19	1081617	rs10404947	A	G	7.551e-01	0	0.000e+00	0.000e+00	0.000e+00	2.690e+00	1.010e-01	197
19	1082576	rs72618591	C	A	9.686e-02	0	0.000e+00	0.000e+00	0.000e+00	4.360e-01	5.091e-01	571
19	1082815	rs76508986	C	T	5.328e-02	0	0.000e+00	0.000e+00	0.000e+00	4.447e-01	5.049e-01	564
19	1083418	rs116851320	A	T	5.296e-02	0	0.000e+00	0.000e+00	0.000e+00	3.399e-01	5.599e-01	623
19	1083491	rs10419327	A	T	1.123e-01	0	0.000e+00	0.000e+00	0.000e+00	6.305e-01	4.272e-01	485
19	1083532	rs35646539	C	T	4.907e-02	0	0.000e+00	0.000e+00	0.000e+00	1.295e+00	2.551e-01	327
19	1083556	rs34593562	A	G	3.456e-01	0	0.000e+00	0.000e+00	0.000e+00	1.623e-02	8.986e-01	951
19	1083910	rs10425954	T	C	1.096e-01	0	0.000e+00	0.000e+00	0.000e+00	5.257e-01	4.684e-01	525
19	1083960	rs12975739	G	C	3.336e-01	0	0.000e+00	0.000e+00	0.000e+00	2.610e-03	9.593e-01	977
19	1084026	rs62131205	G	C	6.579e-02	0	0.000e+00	0.000e+00	0.000e+00	1.136e+00	2.865e-01	357
19	1084572	rs10426888	A	G	1.104e-01	0	0.000e+00	0.000e+00	0.000e+00	5.184e-01	4.715e-01	528
19	1084766	rs10406859	T	C	1.101e-01	0	0.000e+00	0.000e+00	0.000e+00	5.269e-01	4.679e-01	524
19	1084845	rs34912310	G	A	5.947e-02	0	0.000e+00	0.000e+00	0.000e+00	1.721e+00	1.895e-01	263
19	1084965	rs10426978	C	T	1.102e-01	0	0.000e+00	0.000e+00	0.000e+00	5.286e-01	4.672e-01	523
19	1085067	rs2079158	A	T	8.281e-01	0	0.000e+00	0.000e+00	0.000e+00	5.434e-01	4.610e-01	517
19	1085252	rs1142926	T	A	3.469e-01	0	0.000e+00	0.000e+00	0.000e+00	6.610e-02	7.971e-01	862
19	1086043	rs3761026	T	C	3.511e-01	0	0.000e+00	0.000e+00	0.000e+00	1.239e-01	7.249e-01	788
19	1086122	rs3761024	C	T	5.981e-02	0	0.000e+00	0.000e+00	0.000e+00	2.361e-01	6.270e-01	687
19	1088078	rs2238586	G	T	7.275e-01	0	0.000e+00	0.000e+00	0.000e+00	9.955e-01	3.184e-01	391
19	1088639	rs12253	G	C	9.314e-02	0	0.000e+00	0.000e+00	0.000e+00	1.045e-01	7.465e-01	806
19	1088934	rs10405108	A	G	9.306e-01	0	0.000e+00	0.000e+00	0.000e+00	4.352e-01	5.094e-01	572
19	1089025	rs75639405	G	A	9.489e-02	0	0.000e+00	0.000e+00	0.000e+00	1.103e-01	7.398e-01	798
19	1089241	rs10410231	C	A	9.235e-02	0	0.000e+00	0.000e+00	0.000e+00	8.771e-02	7.671e-01	834
19	1092837	rs35665378	G	A	1.112e-01	0	0.000e+00	0.000e+00	0.000e+00	1.551e+00	2.129e-01	284
19	1095151	rs10416031	A	G	6.940e-01	0	0.000e+00	0.000e+00	0.000e+00	5.561e-04	9.812e-01	990
19	1095168	rs34912475	G	A	5.129e-02	0	0.000e+00	0.000e+00	0.000e+00	8.349e-01	3.609e-01	428
19	1096094	rs17523177	A	G	5.749e-02	0	0.000e+00	0.000e+00	0.000e+00	8.324e-01	3.616e-01	430
19	1097181	rs191442680	A	G	8.020e-02	0	0.000e+00	0.000e+00	0.000e+00	4.276e-02	8.362e-01	901
19	1097240	rs62131208	A	G	5.740e-02	0	0.000e+00	0.000e+00	0.000e+00	8.016e-01	3.706e-01	440
19	1097373	rs112276291	T	C	2.082e-01	0	0.000e+00	0.000e+00	0.000e+00	1.175e-02	9.137e-01	961
19	1097493	rs142157046	T	TTTG	5.938e-02	0	0.000e+00	0.000e+00	0.000e+00	1.301e+00	2.540e-01	325
19	1097745	rs9304881	T	C	7.232e-01	0	0.000e+00	0.000e+00	0.000e+00	1.646e-01	6.850e-01	751
19	1097931	rs55748813	G	A	1.067e-01	0	0.000e+00	0.000e+00	0.000e+00	1.904e-01	6.626e-01	716
19	1098066	rs10439143	A	G	5.177e-01	0	0.000e+00	0.000e+00	0.000e+00	9.338e-01	3.339e-01	407
19	1098883	rs10411247	G	A	1.177e-01	0	0.000e+00	0.000e+00	0.000e+00	4.988e-02	8.233e-01	890
19	1099506	rs6510596	G	T	4.312e-01	0	0.000e+00	0.000e+00	0.000e+00	2.117e-01	6.454e-01	705
19	1099701	rs4239605	A	G	4.890e-01	0	0.000e+00	0.000e+00	0.000e+00	3.724e-01	5.417e-01	606
19	1099842	rs2384942	C	G	7.045e-01	0	0.000e+00	0.000e+00	0.000e+00	2.333e-01	6.291e-01	689
19	1100133	rs56919632	AG	A	5.049e-01	0	0.000e+00	0.000e+00	0.000e+00	5.417e-01	4.617e-01	518
19	1100145	rs4807537	T	G	5.053e-01	0	0.000e+00	0.000e+00	0.000e+00	5.448e-01	4.605e-01	515
19	1100379	rs62131210	C	T	2.360e-01	0	0.000e+00	0.000e+00	0.000e+00	1.701e-01	6.800e-01	742
19	1100506	rs150100662	CAA	C	2.409e-01	0	0.000e+00	0.000e+00	0.000e+00	2.923e-02	8.642e-01	922
19	1100601	rs60618365	T	TG	3.663e-01	0	0.000e+00	0.000e+00	0.000e+00	1.487e-01	6.998e-01	769
19	1100792	rs12460104	C	T	3.597e-01	0	0.000e+00	0.000e+00	0.000e+00	8.202e-01	3.651e-01	434
19	1100930	rs34816292	T	C	2.969e-01	0	0.000e+00	0.000e+00	0.000e+00	1.794e-01	6.719e-01	727
19	1100976	rs12462842	T	C	4.938e-01	0	0.000e+00	0.000e+00	0.000e+00	3.967e-01	5.288e-01	589
19	1101067	rs35080285	G	A	3.049e-01	0	0.000e+00	0.000e+00	0.000e+00	3.600e-01	5.485e-01	616
19	1101176	rs12979379	A	G	3.038e-01	0	0.000e+00	0.000e+00	0.000e+00	3.470e-01	5.558e-01	621
19	1101200	rs111850612	GAGT	G	3.036e-01	0	0.000e+00	0.000e+00	0.000e+00	3.819e-01	5.366e-01	597
19	1101992	rs757228	A	G	4.864e-01	0	0.000e+00	0.000e+00	0.000e+00	3.607e-01	5.481e-01	614
19	1102114	rs757229	G	C	4.865e-01	0	0.000e+00	0.000e+00	0.000e+00	4.510e-01	5.018e-01	559
19	1102131	rs757230	A	G	4.859e-01	0	0.000e+00	0.000e+00	0.000e+00	3.619e-01	5.474e-01	611
19	1102139	rs4588110	A	G	4.860e-01	0	0.000e+00	0.000e+00	0.000e+00	3.659e-01	5.453e-01	608
19	1102175	rs3746166	C	T	4.861e-01	0	0.000e+00	0.000e+00	0.000e+00	3.611e-01	5.479e-01	613
19	1102211	rs3746165	A	G	4.909e-01	0	0.000e+00	0.000e+00	0.000e+00	2.394e-01	6.246e-01	686
19	1102256	rs757231	A	G	4.866e-01	0	0.000e+00	0.000e+00	0.000e+00	3.605e-01	5.482e-01	615
19	1102323	rs1808194	G	A	4.867e-01	0	0.000e+00	0.000e+00	0.000e+00	3.272e-01	5.673e-01	631
19	1103230	rs8178962	G	A	4.278e-01	0	0.000e+00	0.000e+00	0.000e+00	7.160e-02	7.890e-01	855
19	1103233	rs8178963	C	G	4.278e-01	0	0.000e+00	0.000e+00	0.000e+00	6.968e-02	7.918e-01	857
19	1103311	rs36207883	G	A	2.461e-01	0	0.000e+00	0.000e+00	0.000e+00	4.509e-01	5.019e-01	560
19	1103375	rs11309920	CT	C	4.286e-01	0	0.000e+00	0.000e+00	0.000e+00	8.322e-02	7.730e-01	838
19	1103414	rs8103169	A	G	4.286e-01	0	0.000e+00	0.000e+00	0.000e+00	8.020e-02	7.770e-01	843
19	1103465	rs8103188	A	G	4.301e-01	0	0.000e+00	0.000e+00	0.000e+00	7.484e-02	7.844e-01	851
19	1103522	rs8103283	A	G	7.053e-01	0	0.000e+00	0.000e+00	0.000e+00	2.866e-01	5.924e-01	654
19	1103619	rs11407575	T	TA	4.104e-01	0	0.000e+00	0.000e+00	0.000e+00	1.736e-01	6.770e-01	736
19	1103768	rs17526264	A	T	5.579e-02	0	0.000e+00	0.000e+00	0.000e+00	3.209e-01	5.711e-01	635
19	1103785	rs17554931	C	T	5.580e-02	0	0.000e+00	0.000e+00	0.000e+00	2.789e-01	5.974e-01	655
19	1104078	rs4807542	G	A	1.925e-01	0	0.000e+00	0.000e+00	0.000e+00	2.150e-03	9.630e-01	982
19	1104438	rs2074450	G	C	5.533e-02	0	0.000e+00	0.000e+00	0.000e+00	3.226e-01	5.701e-01	634
19	1104874	rs117193629	C	T	4.859e-02	0	0.000e+00	0.000e+00	0.000e+00	1.216e+00	2.701e-01	343
19	1105621	rs8178973	A	AG	1.873e-01	0	0.000e+00	0.000e+00	0.000e+00	1.758e-01	6.750e-01	732
19	1105839	rs146333943	TGGGGTG	T	1.556e-01	0	0.000e+00	0.000e+00	0.000e+00	1.063e-01	7.444e-01	803
19	1106107	rs4807543	G	T	6.839e-02	0	0.000e+00	0.000e+00	0.000e+00	8.477e-01	3.572e-01	424
19	1106477	rs8178977	G	C	2.612e-01	0	0.000e+00	0.000e+00	0.000e+00	7.502e-02	7.842e-01	850
19	1106615	rs713041	T	C	5.520e-01	0	0.000e+00	0.000e+00	0.000e+00	5.312e-01	4.661e-01	522
19	1106845	rs2075710	C	T	2.750e-01	0	0.000e+00	0.000e+00	0.000e+00	3.308e-01	5.652e-01	629
19	1107035	rs2074451	T	G	5.266e-01	0	0.000e+00	0.000e+00	0.000e+00	1.167e-01	7.326e-01	792
19	1107160	rs2074452	C	T	2.455e-01	0	0.000e+00	0.000e+00	0.000e+00	1.119e+00	2.902e-01	362
19	1107335	rs2075711	A	G	5.134e-01	0	0.000e+00	0.000e+00	0.000e+00	6.849e-02	7.936e-01	858
19	1108746	rs117088896	G	A	5.930e-02	0	0.000e+00	0.000e+00	0.000e+00	1.451e-01	7.033e-01	770
19	1109213	rs2159133	A	G	5.152e-01	0	0.000e+00	0.000e+00	0.000e+00	9.564e-02	7.571e-01	824
19	1109215	rs11669443	G	A	2.546e-01	0	0.000e+00	0.000e+00	0.000e+00	1.162e-01	7.332e-01	794
19	1109907	rs56248610	T	C	1.926e-01	0	0.000e+00	0.000e+00	0.000e+00	6.695e-01	4.132e-01	474
19	1110829	rs2302109	G	A	5.067e-01	0	0.000e+00	0.000e+00	0.000e+00	3.004e-01	5.836e-01	645
19	1111895	rs11881821	T	C	2.521e-01	0	0.000e+00	0.000e+00	0.000e+00	5.002e-01	4.794e-01	534
19	1112579	rs62131217	C	T	1.789e-01	0	0.000e+00	0.000e+00	0.000e+00	3.907e-01	5.319e-01	593
19	1113701	rs2302110	G	A	1.923e-01	0	0.000e+00	0.000e+00	0.000e+00	6.723e-01	4.122e-01	472
19	1113976	rs3826961	C	T	1.918e-01	0	0.000e+00	0.000e+00	0.000e+00	6.817e-01	4.090e-01	466
19	1114119	rs3746162	C	T	1.933e-01	0	0.000e+00	0.000e+00	0.000e+00	5.848e-01	4.444e-01	502
19	1114635	rs563236240	C	CATATTTTATTTT	2.588e-01	0	0.000e+00	0.000e+00	0.000e+00	4.160e-01	5.189e-01	584
19	1114872	rs9710204	T	G	1.934e-01	0	0.000e+00	0.000e+00	0.000e+00	6.408e-01	4.234e-01	481
19	1115262	rs34500883	CAA	C	1.949e-01	0	0.000e+00	0.000e+00	0.000e+00	5.552e-01	4.562e-01	508
19	1115298	rs147125514	G	A	6.058e-02	0	0.000e+00	0.000e+00	0.000e+00	2.284e-01	6.327e-01	693
19	1115782	rs2072281	G	A	5.097e-01	0	0.000e+00	0.000e+00	0.000e+00	3.633e-01	5.467e-01	610
19	1115789	rs2072282	A	G	5.198e-01	0	0.000e+00	0.000e+00	0.000e+00	1.772e-01	6.738e-01	730
19	1116935	rs7251039	G	A	5.098e-01	0	0.000e+00	0.000e+00	0.000e+00	3.337e-01	5.635e-01	627
19	1117007	rs8112247	T	C	5.146e-01	0	0.000e+00	0.000e+00	0.000e+00	2.575e-01	6.118e-01	670
19	1118086	rs62131219	G	A	1.910e-01	0	0.000e+00	0.000e+00	0.000e+00	6.761e-01	4.109e-01	469
19	1118696	rs3826960	C	T	5.122e-01	0	0.000e+00	0.000e+00	0.000e+00	1.744e-01	6.762e-01	735
19	1118751	rs3826959	A	G	4.760e-01	0	0.000e+00	0.000e+00	0.000e+00	1.640e-01	6.855e-01	752
19	1118752	rs3826958	C	T	4.760e-01	0	0.000e+00	0.000e+00	0.000e+00	1.633e-01	6.861e-01	753
19	1118774	rs3826957	G	C	4.765e-01	0	0.000e+00	0.000e+00	0.000e+00	1.692e-01	6.808e-01	743
19	1118879	rs3826956	C	A	4.696e-01	0	0.000e+00	0.000e+00	0.000e+00	2.522e-01	6.156e-01	677
19	1118882	rs3826955	A	C	4.549e-01	0	0.000e+00	0.000e+00	0.000e+00	3.973e-01	5.285e-01	588
19	1118909	rs3826954	G	A	4.696e-01	0	0.000e+00	0.000e+00	0.000e+00	2.522e-01	6.155e-01	676
19	1119019	rs2074920	C	T	4.732e-01	0	0.000e+00	0.000e+00	0.000e+00	1.790e-01	6.723e-01	728
19	1119699	rs7249751	A	G	5.091e-01	0	0.000e+00	0.000e+00	0.000e+00	4.870e-01	4.853e-01	538
19	1119876	rs8107205	T	G	4.543e-01	0	0.000e+00	0.000e+00	0.000e+00	1.664e-01	6.833e-01	746
19	1119963	rs2074921	A	G	4.688e-01	0	0.000e+00	0.000e+00	0.000e+00	2.678e-01	6.048e-01	665
19	1120101	rs2074922	C	G	4.696e-01	0	0.000e+00	0.000e+00	0.000e+00	2.754e-01	5.998e-01	659
19	1120272	rs8099951	C	T	2.157e-01	0	0.000e+00	0.000e+00	0.000e+00	4.747e-01	4.908e-01	545
19	1120329	rs8100067	C	T	4.698e-01	0	0.000e+00	0.000e+00	0.000e+00	2.632e-01	6.079e-01	666
19	1121171	rs4807562	A	T	4.677e-01	0	0.000e+00	0.000e+00	0.000e+00	2.755e-01	5.997e-01	658
19	1121780	rs3787014	G	C	4.734e-01	0	0.000e+00	0.000e+00	0.000e+00	2.199e-01	6.391e-01	698
19	1121890	rs35126999	A	G	4.678e-01	0	0.000e+00	0.000e+00	0.000e+00	2.732e-01	6.012e-01	662
19	1121902	rs34530878	G	A	4.672e-01	0	0.000e+00	0.000e+00	0.000e+00	2.704e-01	6.030e-01	663
19	1122147	rs2072280	G	A	4.665e-01	0	0.000e+00	0.000e+00	0.000e+00	2.890e-01	5.909e-01	652
19	1122201	rs62131221	G	A	1.203e-01	0	0.000e+00	0.000e+00	0.000e+00	5.035e-01	4.780e-01	533
19	1123176	rs55688536	G	A	1.897e-01	0	0.000e+00	0.000e+00	0.000e+00	6.718e-01	4.124e-01	473
19	1123378	rs4807569	A	C	2.516e-01	0	0.000e+00	0.000e+00	0.000e+00	2.272e-05	9.962e-01	997
19	1123652	rs4807570	G	A	2.520e-01	0	0.000e+00	0.000e+00	0.000e+00	8.498e-05	9.926e-01	994
19	1124031	rs2024092	G	A	2.510e-01	0	0.000e+00	0.000e+00	0.000e+00	1.717e-04	9.895e-01	992
19	1124053	rs2024093	A	G	4.757e-01	0	0.000e+00	0.000e+00	0.000e+00	2.140e-01	6.436e-01	702
19	1124630	rs886989	C	G	4.670e-01	0	0.000e+00	0.000e+00	0.000e+00	3.266e-01	5.677e-01	632
19	1124835	rs740495	A	G	3.105e-01	0	0.000e+00	0.000e+00	0.000e+00	8.437e-03	9.268e-01	966
19	1126802	rs11084884	G	C	2.871e-01	0	0.000e+00	0.000e+00	0.000e+00	4.139e-02	8.388e-01	903
19	1127615	rs2074915	G	C	2.243e-01	0	0.000e+00	0.000e+00	0.000e+00	2.286e-03	9.619e-01	979
19	1127720	rs2074916	G	A	2.244e-01	0	0.000e+00	0.000e+00	0.000e+00	2.103e-03	9.634e-01	983
19	1127842	rs2074917	T	C	4.673e-02	0	0.000e+00	0.000e+00	0.000e+00	5.166e-01	4.723e-01	530
19	1127981	rs2074919	T	G	2.276e-01	0	0.000e+00	0.000e+00	0.000e+00	6.411e-04	9.798e-01	989
19	1128312	rs10412207	A	G	3.031e-01	0	0.000e+00	0.000e+00	0.000e+00	1.550e-01	6.938e-01	762
19	1128967	rs55815908	CA	C	8.871e-01	0	0.000e+00	0.000e+00	0.000e+00	1.248e-04	9.911e-01	993
19	1129008	rs77065759	G	T	4.947e-02	0	0.000e+00	0.000e+00	0.000e+00	2.464e-01	6.196e-01	682
19	1131416	rs66590933	AGCTGGGAGGACCTG	A	3.188e-01	0	0.000e+00	0.000e+00	0.000e+00	5.919e-02	8.078e-01	882
19	1132007	rs2286400	G	T	7.349e-02	0	0.000e+00	0.000e+00	0.000e+00	1.643e-02	8.980e-01	949
19	1132424	rs2286401	A	C	7.658e-02	0	0.000e+00	0.000e+00	0.000e+00	1.612e-02	8.990e-01	952
19	1132637	rs879983	A	G	2.091e-01	0	0.000e+00	0.000e+00	0.000e+00	3.304e-01	5.654e-01	630
19	1132976	rs886990	G	A	3.792e-01	0	0.000e+00	0.000e+00	0.000e+00	1.120e-01	7.378e-01	797
19	1133818	rs113675022	T	G	5.053e-02	0	0.000e+00	0.000e+00	0.000e+00	1.600e-02	8.993e-01	953
19	1135485	rs11880562	A	G	6.206e-02	0	0.000e+00	0.000e+00	0.000e+00	1.628e-01	6.866e-01	755
19	1136223	rs11881300	A	G	6.008e-02	0	0.000e+00	0.000e+00	0.000e+00	1.276e-01	7.209e-01	786
19	1136884	rs72975595	C	T	1.013e-01	0	0.000e+00	0.000e+00	0.000e+00	1.018e-01	7.497e-01	810
19	1138376	rs74839330	G	C	6.300e-02	0	0.000e+00	0.000e+00	0.000e+00	1.960e-01	6.580e-01	713
19	1139909	rs12459651	T	C	2.727e-01	0	0.000e+00	0.000e+00	0.000e+00	1.090e-01	7.413e-01	800
19	1140432	rs79829474	T	G	6.109e-02	0	0.000e+00	0.000e+00	0.000e+00	2.250e-01	6.353e-01	696
19	1140914	rs12461379	T	C	7.848e-02	0	0.000e+00	0.000e+00	0.000e+00	2.193e-01	6.396e-01	699
19	1141714	rs34118004	G	A	2.310e-01	0	0.000e+00	0.000e+00	0.000e+00	1.482e-02	9.031e-01	957
19	1144897	rs142098703	AGAGGCGGAGATG	A	6.779e-02	0	0.000e+00	0.000e+00	0.000e+00	4.724e-01	4.919e-01	547
19	1144909	rs537280941	G	A	5.718e-02	0	0.000e+00	0.000e+00	0.000e+00	1.261e+00	2.614e-01	335
19	1145677	rs57981388	G	C	8.665e-02	0	0.000e+00	0.000e+00	0.000e+00	2.556e-02	8.730e-01	928
19	1146224	rs11084885	A	G	8.881e-02	0	0.000e+00	0.000e+00	0.000e+00	7.515e-02	7.840e-01	849
19	1146858	rs11671859	C	A	2.399e-01	0	0.000e+00	0.000e+00	0.000e+00	9.697e-02	7.555e-01	818
19	1147709	rs7508137	G	A	4.983e-02	0	0.000e+00	0.000e+00	0.000e+00	7.518e-01	3.859e-01	450
19	1147889	rs4072413	C	T	6.424e-02	0	0.000e+00	0.000e+00	0.000e+00	4.433e-01	5.055e-01	565
19	1147913	rs4072412	A	G	8.595e-02	0	0.000e+00	0.000e+00	0.000e+00	5.872e-02	8.085e-01	883
19	1148049	rs4072411	C	T	6.004e-02	0	0.000e+00	0.000e+00	0.000e+00	6.029e-01	4.375e-01	494
19	1148345	rs77111273	C	T	4.914e-02	0	0.000e+00	0.000e+00	0.000e+00	1.382e+00	2.398e-01	314
19	1149856	rs111900354	C	T	6.733e-02	0	0.000e+00	0.000e+00	0.000e+00	1.804e-01	6.710e-01	724
19	1151427	rs76172981	T	C	6.873e-02	0	0.000e+00	0.000e+00	0.000e+00	1.564e-01	6.925e-01	761
19	1151553	rs75680569	G	A	6.733e-02	0	1.000e-04	-5.980e-02	2.088e-01	1.802e-01	6.712e-01	725
19	1152310	rs12976934	C	A	5.499e-02	0	0.000e+00	0.000e+00	0.000e+00	1.487e-01	6.997e-01	768
19	1152313	rs75101177	A	G	6.580e-02	0	0.000e+00	0.000e+00	0.000e+00	7.701e-02	7.814e-01	848
19	1152599	rs148652765	AC	A	5.610e-02	0	0.000e+00	0.000e+00	0.000e+00	1.300e-01	7.184e-01	782
19	1152873	rs113020394	C	T	5.657e-02	0	0.000e+00	0.000e+00	0.000e+00	1.293e-01	7.192e-01	784
19	1152927	rs116958644	G	A	5.659e-02	0	0.000e+00	0.000e+00	0.000e+00	1.288e-01	7.197e-01	785
19	1153139	rs75236135	T	C	5.732e-02	0	0.000e+00	0.000e+00	0.000e+00	1.513e-01	6.972e-01	766
19	1153237	rs369226371	AT	A	6.408e-02	0	0.000e+00	0.000e+00	0.000e+00	6.616e-02	7.970e-01	861
19	1153426	rs144134991	C	T	5.876e-02	0	0.000e+00	0.000e+00	0.000e+00	9.569e-02	7.571e-01	823
19	1153427	rs182799250	A	G	5.879e-02	0	0.000e+00	0.000e+00	0.000e+00	9.366e-02	7.596e-01	831
19	1153506	rs75118429	A	G	5.888e-02	0	0.000e+00	0.000e+00	0.000e+00	9.437e-02	7.587e-01	829
19	1153890	rs76334536	C	T	5.770e-02	0	0.000e+00	0.000e+00	0.000e+00	9.706e-02	7.554e-01	817
19	1154070	rs3752227	A	G	5.929e-02	0	0.000e+00	0.000e+00	0.000e+00	9.635e-02	7.563e-01	820
19	1154517	rs75953628	T	C	5.820e-02	0	0.000e+00	0.000e+00	0.000e+00	9.865e-02	7.535e-01	816
19	1154808	rs76749385	G	A	5.821e-02	0	0.000e+00	0.000e+00	0.000e+00	1.007e-01	7.510e-01	813
19	1154855	rs80059539	G	A	5.827e-02	0	0.000e+00	0.000e+00	0.000e+00	9.903e-02	7.530e-01	814
19	1155489	rs11672049	A	G	6.340e-02	0	0.000e+00	0.000e+00	0.000e+00	6.094e-02	8.050e-01	878
19	1155924	rs75060021	C	T	5.115e-02	0	0.000e+00	0.000e+00	0.000e+00	1.670e-01	6.828e-01	745
19	1156385	rs79724352	G	A	5.837e-02	0	0.000e+00	0.000e+00	0.000e+00	9.666e-02	7.559e-01	819
19	1156457	rs79619434	A	G	6.351e-02	0	0.000e+00	0.000e+00	0.000e+00	7.363e-02	7.861e-01	852
19	1156509	rs74597972	C	T	5.675e-02	0	0.000e+00	0.000e+00	0.000e+00	1.142e-01	7.354e-01	795
19	1156848	rs72486336	G	A	5.821e-02	0	0.000e+00	0.000e+00	0.000e+00	9.200e-02	7.617e-01	832
19	1157407	rs140176643	G	A	5.672e-02	0	0.000e+00	0.000e+00	0.000e+00	2.188e-01	6.399e-01	701
19	1157483	rs77813260	C	T	5.861e-02	0	0.000e+00	0.000e+00	0.000e+00	8.197e-02	7.746e-01	840
19	1162930	rs7253860	C	T	4.585e-01	0	0.000e+00	0.000e+00	0.000e+00	1.243e+00	2.649e-01	339
19	1168467	rs67594359	G	A	1.375e-01	0	0.000e+00	0.000e+00	0.000e+00	1.173e+00	2.787e-01	352
19	1170663	rs118061438	G	A	6.133e-02	0	0.000e+00	0.000e+00	0.000e+00	1.880e-03	9.654e-01	984
19	1170898	rs113103697	G	A	6.077e-02	0	0.000e+00	0.000e+00	0.000e+00	2.112e-02	8.845e-01	936
19	1174414	rs873073	G	C	4.851e-01	0	0.000e+00	0.000e+00	0.000e+00	3.743e-01	5.407e-01	604
19	1175396	rs873289	A	G	4.806e-01	0	0.000e+00	0.000e+00	0.000e+00	3.827e-01	5.362e-01	596
19	1176316	rs67407316	C	T	4.833e-01	0	0.000e+00	0.000e+00	0.000e+00	3.057e-01	5.803e-01	643
19	1179969	rs117287762	C	A	1.048e-01	0	0.000e+00	0.000e+00	0.000e+00	1.435e+00	2.310e-01	308
19	1180238	rs78828368	C	T	4.901e-02	0	0.000e+00	0.000e+00	0.000e+00	3.908e-03	9.502e-01	974
19	1182415	rs11882232	T	C	4.916e-01	0	0.000e+00	0.000e+00	0.000e+00	4.351e-01	5.095e-01	573
19	1184706	rs8111052	A	T	5.175e-01	0	0.000e+00	0.000e+00	0.000e+00	4.000e-01	5.271e-01	587
19	1184964	rs7257840	A	G	5.176e-01	0	0.000e+00	0.000e+00	0.000e+00	3.956e-01	5.294e-01	591
19	1192378	rs10660569	T	TTG	7.204e-01	0	0.000e+00	0.000e+00	0.000e+00	1.296e-01	7.188e-01	783
19	1192769	rs7252565	G	A	8.023e-01	0	0.000e+00	0.000e+00	0.000e+00	3.684e-05	9.952e-01	995
19	1193965	rs28841391	T	G	7.219e-01	0	0.000e+00	0.000e+00	0.000e+00	4.490e-02	8.322e-01	896
19	1262248	rs10414920	C	G	9.010e-01	0	0.000e+00	0.000e+00	0.000e+00	5.324e+00	2.103e-02	100
19	1263299	rs968698	A	C	9.059e-01	0	0.000e+00	0.000e+00	0.000e+00	4.265e+00	3.891e-02	118
19	1266334	rs4807809	C	T	7.562e-01	0	0.000e+00	0.000e+00	0.000e+00	5.816e+00	1.588e-02	89
19	1268178	rs12975875	G	A	7.425e-01	0	0.000e+00	0.000e+00	0.000e+00	5.949e+00	1.472e-02	88
19	1268398	rs72979539	G	A	5.676e-02	0	0.000e+00	0.000e+00	0.000e+00	2.129e+00	1.446e-01	223
19	1268994	rs12980707	A	G	7.745e-01	0	0.000e+00	0.000e+00	0.000e+00	4.883e+00	2.712e-02	105
19	1270231	19:1270231:GC:G	GC	G	7.472e-01	0	0.000e+00	0.000e+00	0.000e+00	6.581e+00	1.031e-02	68
19	1271274	rs12609287	C	T	7.404e-01	0	0.000e+00	0.000e+00	0.000e+00	6.425e+00	1.125e-02	70
19	1271529	rs4807050	C	T	7.375e-01	0	0.000e+00	0.000e+00	0.000e+00	6.039e+00	1.399e-02	84
19	1272040	rs12488	T	C	7.419e-01	0	0.000e+00	0.000e+00	0.000e+00	5.336e+00	2.090e-02	99
19	1274539	rs8108009	T	C	7.609e-01	0	0.000e+00	0.000e+00	0.000e+00	5.339e+00	2.086e-02	98
19	1274601	rs1054695	C	T	7.405e-01	0	0.000e+00	0.000e+00	0.000e+00	6.005e+00	1.427e-02	86
19	1275088	rs7257836	T	G	7.907e-01	0	0.000e+00	0.000e+00	0.000e+00	5.779e+00	1.622e-02	90
19	1275368	rs60492890	T	G	7.623e-01	0	0.000e+00	0.000e+00	0.000e+00	4.715e+00	2.991e-02	110
19	1275987	rs12979308	C	G	7.458e-01	0	0.000e+00	0.000e+00	0.000e+00	5.242e+00	2.205e-02	103
19	1277275	rs757292	G	C	7.902e-01	0	0.000e+00	0.000e+00	0.000e+00	6.056e+00	1.386e-02	83
19	1277427	rs757293	T	C	9.494e-01	0	0.000e+00	0.000e+00	0.000e+00	1.654e+00	1.984e-01	270
19	1278611	rs5826728	ACAGGGCC	A	7.437e-01	0	0.000e+00	0.000e+00	0.000e+00	5.649e+00	1.746e-02	92
19	1281300	rs59135094	T	TG	7.214e-01	0	0.000e+00	0.000e+00	0.000e+00	7.535e+00	6.051e-03	55
19	1283188	rs12609120	C	T	6.919e-01	0	0.000e+00	0.000e+00	0.000e+00	3.602e+00	5.770e-02	141
19	1283615	rs2379240	G	C	7.622e-01	0	9.000e-04	-1.878e-01	9.176e-02	4.989e+00	2.551e-02	104
19	1302265	rs1558130	T	C	1.319e-01	0	0.000e+00	0.000e+00	0.000e+00	5.590e+00	1.806e-02	94
19	1302390	rs140458570	TCCAGG	T	8.328e-02	0	0.000e+00	0.000e+00	0.000e+00	2.284e+00	1.307e-01	215
19	1302888	rs8100248	T	C	1.155e-01	0	0.000e+00	0.000e+00	0.000e+00	4.529e+00	3.332e-02	113
19	1302965	rs1558133	T	C	1.144e-01	0	0.000e+00	0.000e+00	0.000e+00	5.618e+00	1.778e-02	93
19	1303165	rs72979575	C	T	8.258e-02	0	0.000e+00	0.000e+00	0.000e+00	2.047e+00	1.525e-01	228
19	1303338	rs72979580	C	T	9.070e-02	0	0.000e+00	0.000e+00	0.000e+00	2.299e+00	1.294e-01	213
19	1303842	rs55730922	G	A	7.546e-02	0	0.000e+00	0.000e+00	0.000e+00	1.490e+00	2.222e-01	298
19	1304585	rs72979585	G	C	8.338e-02	0	0.000e+00	0.000e+00	0.000e+00	1.565e+00	2.109e-01	281
19	1305423	rs72979588	G	A	8.519e-02	0	0.000e+00	0.000e+00	0.000e+00	1.353e+00	2.447e-01	321
19	1309768	rs199837912	G	A	9.432e-02	0	0.000e+00	0.000e+00	0.000e+00	6.102e-01	4.347e-01	493
19	1310537	rs12710060	G	A	1.433e-01	0	0.000e+00	0.000e+00	0.000e+00	6.474e-01	4.211e-01	480
19	1310821	rs12104233	A	G	1.527e-01	0	0.000e+00	0.000e+00	0.000e+00	1.444e+00	2.295e-01	307
19	1311716	rs740450	C	G	1.537e-01	0	0.000e+00	0.000e+00	0.000e+00	1.543e+00	2.142e-01	286
19	1313069	rs8104833	A	C	9.073e-02	0	0.000e+00	0.000e+00	0.000e+00	2.405e-01	6.239e-01	685
19	1313763	rs10414354	C	T	9.146e-02	0	0.000e+00	0.000e+00	0.000e+00	2.608e-01	6.095e-01	668
19	1314074	rs10420117	C	T	9.137e-02	0	0.000e+00	0.000e+00	0.000e+00	2.510e-01	6.164e-01	678
19	1315958	rs535077300	T	C	5.521e-02	0	0.000e+00	0.000e+00	0.000e+00	1.663e-01	6.835e-01	747
19	1315959	rs34487878	T	C	5.767e-02	0	0.000e+00	0.000e+00	0.000e+00	2.937e-01	5.879e-01	650
19	1315959	rs67204288	T	TC	5.524e-02	0	0.000e+00	0.000e+00	0.000e+00	1.662e-01	6.835e-01	748
19	1320149	rs4807072	G	A	5.550e-01	0	0.000e+00	0.000e+00	0.000e+00	1.898e-02	8.904e-01	944
19	1320410	rs11673674	A	G	5.654e-01	0	0.000e+00	0.000e+00	0.000e+00	9.201e-04	9.758e-01	988
19	1320729	rs11669585	C	T	5.563e-01	0	0.000e+00	0.000e+00	0.000e+00	1.095e-02	9.167e-01	964
19	1321106	rs7250594	T	C	5.698e-01	0	0.000e+00	0.000e+00	0.000e+00	3.309e-02	8.557e-01	915
19	1321133	rs538387916	AT	A	5.716e-01	0	0.000e+00	0.000e+00	0.000e+00	8.892e-02	7.656e-01	833
19	1321164	rs4807855	A	G	6.124e-01	0	0.000e+00	0.000e+00	0.000e+00	4.583e-03	9.460e-01	971
19	1322725	rs3068990	GCAGA	G	5.539e-01	0	0.000e+00	0.000e+00	0.000e+00	2.018e-02	8.870e-01	940
19	1322851	rs141174406	CAG	C	5.534e-01	0	0.000e+00	0.000e+00	0.000e+00	2.762e-02	8.680e-01	926
19	1322881	rs758148	C	T	5.605e-01	0	0.000e+00	0.000e+00	0.000e+00	4.300e-02	8.357e-01	900
19	1322935	rs3068966	CAG	C	5.516e-01	0	0.000e+00	0.000e+00	0.000e+00	1.971e-02	8.884e-01	943
19	1323337	rs58054205	G	A	5.495e-01	0	0.000e+00	0.000e+00	0.000e+00	4.697e-02	8.284e-01	893
19	1323716	rs1974564	G	A	5.471e-01	0	0.000e+00	0.000e+00	0.000e+00	2.469e-02	8.751e-01	931
19	1324078	rs1109001	G	A	5.610e-01	0	0.000e+00	0.000e+00	0.000e+00	3.581e-02	8.499e-01	911
19	1324975	rs60010844	A	G	5.839e-01	0	0.000e+00	0.000e+00	0.000e+00	5.730e-02	8.108e-01	884
19	1325077	rs4807077	G	C	5.833e-01	0	0.000e+00	0.000e+00	0.000e+00	6.523e-02	7.984e-01	868
19	1325078	rs4807861	C	A	5.833e-01	0	0.000e+00	0.000e+00	0.000e+00	6.540e-02	7.982e-01	864
19	1325150	rs4807862	A	G	6.170e-01	0	0.000e+00	0.000e+00	0.000e+00	4.178e-03	9.485e-01	973
19	1326366	rs8106530	G	A	5.888e-01	0	0.000e+00	0.000e+00	0.000e+00	9.647e-03	9.218e-01	965
19	1327362	rs10423903	G	C	5.902e-01	0	0.000e+00	0.000e+00	0.000e+00	3.862e-03	9.504e-01	975
19	1327465	rs60718441	C	T	1.053e-01	0	0.000e+00	0.000e+00	0.000e+00	6.111e-01	4.344e-01	492
19	1327481	rs61359185	G	T	1.062e-01	0	0.000e+00	0.000e+00	0.000e+00	4.803e-01	4.883e-01	543
19	1327660	rs10426089	C	T	1.058e-01	0	0.000e+00	0.000e+00	0.000e+00	4.870e-01	4.853e-01	539
19	1327827	rs542288986	A	ATTTA	5.829e-01	0	0.000e+00	0.000e+00	0.000e+00	4.725e-02	8.279e-01	892
19	1328491	rs11670338	G	A	5.470e-01	0	0.000e+00	0.000e+00	0.000e+00	5.331e-02	8.174e-01	887
19	1328606	rs111773017	G	GA	5.993e-01	0	0.000e+00	0.000e+00	0.000e+00	8.089e-03	9.283e-01	967
19	1329040	rs536889619	GAAAAA	G	6.710e-01	0	0.000e+00	0.000e+00	0.000e+00	6.079e-02	8.053e-01	879
19	1329117	rs76831241	AG	A	5.510e-01	0	0.000e+00	0.000e+00	0.000e+00	2.941e-02	8.638e-01	921
19	1329639	rs9749349	A	G	6.143e-01	0	0.000e+00	0.000e+00	0.000e+00	4.300e-02	8.357e-01	899
19	1329729	rs113294784	G	GGCTT	6.118e-01	0	0.000e+00	0.000e+00	0.000e+00	3.250e-02	8.569e-01	918
19	1331325	rs56355365	G	A	6.016e-01	0	0.000e+00	0.000e+00	0.000e+00	2.419e-02	8.764e-01	932
19	1332427	rs11668841	G	A	6.214e-01	0	0.000e+00	0.000e+00	0.000e+00	3.836e-02	8.447e-01	909
19	1333239	rs116800472	C	T	1.076e-01	0	0.000e+00	0.000e+00	0.000e+00	5.817e-01	4.456e-01	503
19	1333400	rs114925158	C	T	1.076e-01	0	0.000e+00	0.000e+00	0.000e+00	5.910e-01	4.420e-01	501
19	1333567	rs7245900	C	G	6.324e-01	0	0.000e+00	0.000e+00	0.000e+00	2.197e-02	8.822e-01	935
19	1334728	rs6510602	G	A	6.311e-01	0	0.000e+00	0.000e+00	0.000e+00	1.547e-02	9.010e-01	955
19	1335531	rs4465709	A	G	6.374e-01	0	0.000e+00	0.000e+00	0.000e+00	2.492e-02	8.746e-01	929
19	1347645	rs117768673	G	T	8.539e-02	0	0.000e+00	0.000e+00	0.000e+00	1.012e-01	7.504e-01	812
19	1347646	rs117913726	T	C	5.426e-02	0	0.000e+00	0.000e+00	0.000e+00	6.770e+00	9.272e-03	66
19	1348164	rs7260480	T	C	7.979e-01	0	0.000e+00	0.000e+00	0.000e+00	1.067e+01	1.086e-03	36
19	1348184	rs7260486	T	C	7.927e-01	0	0.000e+00	0.000e+00	0.000e+00	1.069e+01	1.078e-03	35
19	1348662	rs12983370	C	T	4.511e-01	0	0.000e+00	0.000e+00	0.000e+00	5.207e-02	8.195e-01	889
19	1348739	rs72981656	C	A	1.263e-01	0	3.000e-04	-3.726e-01	1.150e-01	1.371e+01	2.137e-04	16
19	1348806	rs34594358	C	T	4.707e-01	0	0.000e+00	0.000e+00	0.000e+00	2.051e-01	6.506e-01	708
19	1348864	rs12609836	A	G	1.340e-01	0	0.000e+00	0.000e+00	0.000e+00	1.372e+01	2.122e-04	14
19	1348871	rs8111123	C	A	1.555e-01	0	0.000e+00	0.000e+00	0.000e+00	1.228e+00	2.678e-01	341
19	1350260	rs7246455	T	C	7.835e-01	0	0.000e+00	0.000e+00	0.000e+00	1.114e+01	8.454e-04	32
19	1350838	rs56217833	T	C	1.644e-01	0	0.000e+00	0.000e+00	0.000e+00	3.126e-01	5.761e-01	639
19	1351916	rs11670805	C	T	1.615e-01	0	0.000e+00	0.000e+00	0.000e+00	7.613e-01	3.829e-01	447
19	1352565	rs55662721	C	T	1.585e-01	0	0.000e+00	0.000e+00	0.000e+00	7.426e-01	3.888e-01	454
19	1352722	rs60871140	T	G	1.209e-01	0	1.000e-04	-3.632e-01	1.092e-01	1.406e+01	1.770e-04	13
19	1353104	rs66477374	A	G	4.704e-01	0	0.000e+00	0.000e+00	0.000e+00	1.514e-01	6.972e-01	765
19	1354195	rs71337011	C	G	4.691e-01	0	0.000e+00	0.000e+00	0.000e+00	4.659e-01	4.949e-01	553
19	1354315	rs11665959	C	T	1.733e-01	0	0.000e+00	0.000e+00	0.000e+00	1.181e+00	2.772e-01	350
19	1354983	rs371221738	AGCG	A	6.676e-01	0	0.000e+00	0.000e+00	0.000e+00	5.253e-02	8.187e-01	888
19	1355350	rs72981673	G	A	1.066e-01	0	7.000e-04	-3.837e-01	1.101e-01	1.550e+01	8.258e-05	3
19	1355483	rs3216959	CA	C	7.668e-01	0	0.000e+00	0.000e+00	0.000e+00	9.573e+00	1.974e-03	43
19	1356516	rs149297811	CAGG	C	7.271e-02	0	0.000e+00	0.000e+00	0.000e+00	8.486e+00	3.578e-03	51
19	1356655	rs11396582	T	TA	3.985e-01	0	0.000e+00	0.000e+00	0.000e+00	8.542e-01	3.554e-01	422
19	1357082	rs713042	T	C	8.004e-01	0	0.000e+00	0.000e+00	0.000e+00	1.109e+01	8.680e-04	33
19	1357398	rs71335360	C	CTT	5.764e-01	0	0.000e+00	0.000e+00	0.000e+00	1.860e+00	1.726e-01	250
19	1357496	rs1048909	G	A	1.790e-01	0	0.000e+00	0.000e+00	0.000e+00	1.123e+00	2.893e-01	359
19	1357830	rs11554583	T	A	1.211e-01	0	1.000e-04	-3.461e-01	9.470e-02	1.598e+01	6.411e-05	2
19	1358031	rs3216960	T	TG	1.213e-01	0	2.000e-04	-3.470e-01	9.482e-02	1.602e+01	6.262e-05	0
19	1358172	rs72981685	T	G	7.461e-02	0	0.000e+00	0.000e+00	0.000e+00	8.600e+00	3.362e-03	50
19	1358726	rs2285972	C	T	5.684e-01	0	0.000e+00	0.000e+00	0.000e+00	4.660e-01	4.948e-01	552
19	1359281	rs11668543	T	C	1.477e-01	0	0.000e+00	0.000e+00	0.000e+00	3.231e-01	5.698e-01	633
19	1360082	rs8109377	G	A	1.440e-01	0	0.000e+00	0.000e+00	0.000e+00	2.301e-01	6.315e-01	690
19	1360575	rs3826942	G	A	7.603e-01	0	0.000e+00	0.000e+00	0.000e+00	6.810e+00	9.066e-03	65
19	1361793	rs2247675	T	C	7.695e-01	0	0.000e+00	0.000e+00	0.000e+00	7.013e+00	8.092e-03	61
19	1362042	rs56378459	C	G	1.478e-01	0	0.000e+00	0.000e+00	0.000e+00	4.319e-01	5.111e-01	575
19	1362613	rs2668413	T	G	1.501e-01	0	0.000e+00	0.000e+00	0.000e+00	4.395e-01	5.074e-01	567
19	1362707	rs56017423	G	A	1.104e-01	0	1.000e-04	-3.496e-01	1.008e-01	1.475e+01	1.224e-04	5
19	1363185	rs4807094	C	T	4.822e-01	0	0.000e+00	0.000e+00	0.000e+00	6.496e-01	4.203e-01	479
19	1364139	rs10570720	ACACT	A	1.418e-01	0	0.000e+00	0.000e+00	0.000e+00	2.019e-01	6.532e-01	710
19	1364306	rs17673260	A	G	4.936e-01	0	0.000e+00	0.000e+00	0.000e+00	5.654e-01	4.521e-01	507
19	1364855	rs2526132	T	C	7.664e-01	0	0.000e+00	0.000e+00	0.000e+00	6.509e+00	1.073e-02	69
19	1365044	rs62127614	G	A	1.428e-01	0	0.000e+00	0.000e+00	0.000e+00	2.535e-01	6.146e-01	674
19	1365046	rs11878677	G	A	1.106e-01	0	1.200e-03	-3.453e-01	1.009e-01	1.438e+01	1.495e-04	9
19	1365105	rs3933430	T	C	6.429e-01	0	0.000e+00	0.000e+00	0.000e+00	7.307e-02	7.869e-01	853
19	1365429	rs7247348	G	A	1.416e-01	0	0.000e+00	0.000e+00	0.000e+00	2.050e-01	6.507e-01	709
19	1365608	rs2526133	A	G	4.975e-01	0	0.000e+00	0.000e+00	0.000e+00	3.753e-01	5.402e-01	603
19	1365620	rs2526134	A	T	7.638e-01	0	0.000e+00	0.000e+00	0.000e+00	6.320e+00	1.194e-02	71
19	1365827	rs2668417	C	G	7.683e-01	0	0.000e+00	0.000e+00	0.000e+00	6.269e+00	1.228e-02	75
19	1366179	rs72377165	CGCTGGGGTCACCCCCAGA	C	6.163e-01	0	0.000e+00	0.000e+00	0.000e+00	2.971e+00	8.478e-02	181
19	1366422	rs2668418	C	G	7.635e-01	0	0.000e+00	0.000e+00	0.000e+00	6.059e+00	1.384e-02	82
19	1366545	rs2240241	G	A	4.992e-01	0	0.000e+00	0.000e+00	0.000e+00	5.059e-01	4.769e-01	532
19	1366571	19:1366571:T:C	T	C	5.045e-01	0	0.000e+00	0.000e+00	0.000e+00	4.614e-01	4.970e-01	555
19	1366994	rs2668419	A	G	7.667e-01	0	0.000e+00	0.000e+00	0.000e+00	6.302e+00	1.206e-02	72
19	1367014	rs2668420	T	C	4.978e-01	0	0.000e+00	0.000e+00	0.000e+00	3.576e-01	5.498e-01	618
19	1367226	rs11668809	G	A	1.404e-01	0	0.000e+00	0.000e+00	0.000e+00	2.190e-01	6.398e-01	700
19	1367412	rs72983524	A	G	7.187e-02	0	0.000e+00	0.000e+00	0.000e+00	7.442e+00	6.372e-03	56
19	1367481	rs11669132	C	G	1.394e-01	0	0.000e+00	0.000e+00	0.000e+00	2.255e-01	6.349e-01	695
19	1368398	rs2526136	A	G	7.621e-01	0	0.000e+00	0.000e+00	0.000e+00	6.138e+00	1.323e-02	80
19	1368843	rs2526137	T	A	1.484e-01	0	0.000e+00	0.000e+00	0.000e+00	5.343e-01	4.648e-01	521
19	1370516	rs73920446	C	T	1.060e-01	0	1.000e-04	-3.314e-01	1.013e-01	1.317e+01	2.843e-04	17
19	1370526	rs2668423	T	G	7.652e-01	0	0.000e+00	0.000e+00	0.000e+00	6.243e+00	1.247e-02	77
19	1370675	rs12608765	C	G	4.735e-01	0	0.000e+00	0.000e+00	0.000e+00	3.117e-01	5.766e-01	641
19	1371354	rs2668424	T	C	1.463e-01	0	0.000e+00	0.000e+00	0.000e+00	6.310e-01	4.270e-01	484
19	1372046	rs2526139	A	G	7.674e-01	0	0.000e+00	0.000e+00	0.000e+00	7.136e+00	7.556e-03	59
19	1372050	rs2668426	C	A	7.675e-01	0	0.000e+00	0.000e+00	0.000e+00	7.263e+00	7.040e-03	58
19	1372121	rs7255159	C	T	1.139e-01	0	0.000e+00	0.000e+00	0.000e+00	1.232e+01	4.475e-04	22
19	1372132	rs2668427	C	T	7.613e-01	0	0.000e+00	0.000e+00	0.000e+00	6.675e+00	9.780e-03	67
19	1372441	rs7256029	A	G	4.943e-01	0	0.000e+00	0.000e+00	0.000e+00	3.741e-01	5.408e-01	605
19	1374429	rs11881595	G	A	1.119e-01	0	0.000e+00	0.000e+00	0.000e+00	1.203e+01	5.240e-04	24
19	1374450	rs2526140	G	C	7.587e-01	0	0.000e+00	0.000e+00	0.000e+00	6.884e+00	8.698e-03	63
19	1374584	rs11881618	G	T	1.128e-01	0	0.000e+00	0.000e+00	0.000e+00	1.194e+01	5.503e-04	27
19	1374641	rs6510605	G	A	1.156e-01	0	0.000e+00	0.000e+00	0.000e+00	2.490e-01	6.178e-01	679
19	1375271	rs3954337	T	C	1.135e-01	0	5.000e-04	-3.119e-01	9.981e-02	1.195e+01	5.471e-04	26
19	1375355	rs4011457	C	G	1.033e-01	0	3.000e-04	-3.152e-01	9.974e-02	1.221e+01	4.741e-04	23
19	1375437	rs147392012	C	CATA	7.593e-01	0	0.000e+00	0.000e+00	0.000e+00	6.880e+00	8.717e-03	64
19	1375738	rs143019409	T	C	6.396e-02	0	0.000e+00	0.000e+00	0.000e+00	1.105e+00	2.931e-01	366
19	1375782	rs201320136	TACAC	T	7.122e-02	0	0.000e+00	0.000e+00	0.000e+00	6.286e+00	1.217e-02	73
19	1375807	rs202098550	TTA	T	7.034e-01	0	0.000e+00	0.000e+00	0.000e+00	2.569e+00	1.090e-01	201
19	1375879	rs113933110	A	ACTGCAACCC	1.442e-01	0	0.000e+00	0.000e+00	0.000e+00	9.365e-01	3.332e-01	406
19	1376059	rs4807905	C	T	1.012e-01	0	0.000e+00	0.000e+00	0.000e+00	1.239e+01	4.313e-04	19
19	1376183	rs4459670	G	T	4.969e-01	0	0.000e+00	0.000e+00	0.000e+00	1.598e-01	6.893e-01	758
19	1376198	rs4619519	C	G	4.969e-01	0	0.000e+00	0.000e+00	0.000e+00	1.616e-01	6.877e-01	756
19	1376310	rs8110079	G	T	7.534e-01	0	0.000e+00	0.000e+00	0.000e+00	6.183e+00	1.290e-02	78
19	1376723	rs266805	G	A	7.621e-01	0	0.000e+00	0.000e+00	0.000e+00	7.025e+00	8.038e-03	60
19	1377158	rs11084893	C	T	5.405e-01	0	0.000e+00	0.000e+00	0.000e+00	2.447e-01	6.209e-01	684
19	1377173	rs4807907	A	G	6.828e-01	0	0.000e+00	0.000e+00	0.000e+00	2.446e+00	1.178e-01	205
19	1378984	rs266804	C	T	9.336e-02	0	0.000e+00	0.000e+00	0.000e+00	7.265e-01	3.940e-01	460
19	1379707	rs34869320	G	C	5.244e-01	0	0.000e+00	0.000e+00	0.000e+00	7.800e-02	7.800e-01	845
19	1381623	rs11333478	TA	T	4.947e-01	0	0.000e+00	0.000e+00	0.000e+00	1.312e-01	7.172e-01	777
19	1382239	rs144874111	AAAAT	A	1.304e-01	0	0.000e+00	0.000e+00	0.000e+00	1.905e-01	6.625e-01	715
19	1383491	rs3848637	G	C	1.221e-01	0	0.000e+00	0.000e+00	0.000e+00	1.500e-01	6.985e-01	767
19	1383649	rs3848638	G	T	4.820e-01	0	0.000e+00	0.000e+00	0.000e+00	1.306e-01	7.178e-01	779
19	1384690	rs2332496	G	A	4.876e-01	0	0.000e+00	0.000e+00	0.000e+00	1.680e-01	6.819e-01	744
19	1385167	rs3890936	A	T	1.917e-01	0	0.000e+00	0.000e+00	0.000e+00	1.626e+00	2.023e-01	273
19	1385231	rs62127621	G	C	1.159e-01	0	0.000e+00	0.000e+00	0.000e+00	1.937e-01	6.599e-01	714
19	1386498	rs72159980	CTTTAT	C	6.419e-02	0	0.000e+00	0.000e+00	0.000e+00	3.416e+00	6.455e-02	161
19	1386715	rs4807914	C	G	6.008e-01	0	0.000e+00	0.000e+00	0.000e+00	3.500e-02	8.516e-01	912
19	1386889	rs34885619	C	T	5.820e-01	0	0.000e+00	0.000e+00	0.000e+00	7.714e-02	7.812e-01	847
19	1387299	rs502121	T	C	6.893e-01	0	0.000e+00	0.000e+00	0.000e+00	3.588e-01	5.492e-01	617
19	1387933	rs60896822	A	G	6.650e-01	0	0.000e+00	0.000e+00	0.000e+00	1.530e-01	6.956e-01	763
19	1388320	rs7254913	G	A	6.671e-01	0	0.000e+00	0.000e+00	0.000e+00	1.434e-01	7.049e-01	771
19	1388538	rs1142530	C	T	5.985e-01	0	0.000e+00	0.000e+00	0.000e+00	5.402e-02	8.162e-01	885
19	1389064	rs7258846	G	T	5.980e-01	0	0.000e+00	0.000e+00	0.000e+00	4.489e-02	8.322e-01	897
19	1389324	rs66919466	ACT	A	5.984e-01	0	0.000e+00	0.000e+00	0.000e+00	4.162e-02	8.384e-01	902
19	1389517	rs11666067	C	A	6.029e-01	0	0.000e+00	0.000e+00	0.000e+00	6.181e-02	8.037e-01	876
19	1390243	rs2240605	C	G	6.456e-02	0	0.000e+00	0.000e+00	0.000e+00	3.441e+00	6.358e-02	157
19	1390493	rs73920449	T	C	6.462e-02	0	0.000e+00	0.000e+00	0.000e+00	3.466e+00	6.264e-02	156
19	1390498	rs62127623	C	T	1.147e-01	0	0.000e+00	0.000e+00	0.000e+00	9.467e-02	7.583e-01	828
19	1390757	rs2074895	C	A	5.971e-01	0	0.000e+00	0.000e+00	0.000e+00	4.102e-02	8.395e-01	905
19	1390839	rs7256647	G	A	6.494e-02	0	0.000e+00	0.000e+00	0.000e+00	3.398e+00	6.529e-02	163
19	1391235	rs2074897	G	A	4.491e-01	0	0.000e+00	0.000e+00	0.000e+00	1.655e-01	6.841e-01	750
19	1391361	rs2074898	A	G	6.640e-01	0	0.000e+00	0.000e+00	0.000e+00	1.817e-01	6.699e-01	723
19	1391809	rs809359	G	A	9.237e-01	0	0.000e+00	0.000e+00	0.000e+00	1.276e-01	7.210e-01	787
19	1392636	rs73515051	T	C	7.425e-02	0	0.000e+00	0.000e+00	0.000e+00	3.579e+00	5.853e-02	143
19	1394466	rs111722299	G	GTGC	6.308e-02	0	0.000e+00	0.000e+00	0.000e+00	2.997e+00	8.341e-02	180
19	1394577	rs266816	G	A	7.684e-02	0	0.000e+00	0.000e+00	0.000e+00	3.101e+00	7.822e-02	177
19	1394865	rs73515054	T	C	6.901e-02	0	0.000e+00	0.000e+00	0.000e+00	3.673e+00	5.530e-02	136
19	1395301	rs79526322	A	G	6.654e-02	0	0.000e+00	0.000e+00	0.000e+00	3.435e+00	6.383e-02	158
19	1396952	rs266813	T	C	8.400e-02	0	0.000e+00	0.000e+00	0.000e+00	3.398e+00	6.528e-02	162
19	1397443	rs17851582	G	A	6.549e-02	0	0.000e+00	0.000e+00	0.000e+00	2.216e-02	8.817e-01	934
19	1398143	rs11670139	C	G	6.403e-02	0	0.000e+00	0.000e+00	0.000e+00	4.702e-03	9.453e-01	970
19	1399476	rs73515058	T	C	6.489e-02	0	0.000e+00	0.000e+00	0.000e+00	7.737e-02	7.809e-01	846
19	1400679	rs266807	A	G	4.600e-01	0	0.000e+00	0.000e+00	0.000e+00	2.070e-02	8.856e-01	938
19	1400866	rs3786974	C	T	6.577e-02	0	0.000e+00	0.000e+00	0.000e+00	3.852e+00	4.968e-02	129
19	1402662	rs36040336	C	CAT	1.941e-01	0	0.000e+00	0.000e+00	0.000e+00	1.261e+00	2.615e-01	336
19	1402997	rs3760991	G	A	5.201e-02	0	0.000e+00	0.000e+00	0.000e+00	4.025e+00	4.484e-02	124
19	1403100	rs3760992	C	T	5.253e-02	0	0.000e+00	0.000e+00	0.000e+00	3.009e+00	8.279e-02	179
19	1403870	rs73515074	G	A	5.434e-02	0	0.000e+00	0.000e+00	0.000e+00	4.709e+00	3.000e-02	111
19	1403923	rs73515075	C	A	7.670e-02	0	0.000e+00	0.000e+00	0.000e+00	3.518e+00	6.071e-02	152
19	1404835	rs536829013	CT	C	9.733e-02	0	0.000e+00	0.000e+00	0.000e+00	3.645e+00	5.624e-02	138
19	1405099	rs3760993	G	C	5.110e-02	0	0.000e+00	0.000e+00	0.000e+00	4.879e+00	2.719e-02	106
19	1405262	rs73515076	G	C	5.107e-02	0	0.000e+00	0.000e+00	0.000e+00	4.878e+00	2.721e-02	107
19	1406949	rs11340927	TG	T	9.897e-02	0	0.000e+00	0.000e+00	0.000e+00	1.276e+00	2.587e-01	333
19	1409681	rs78986986	AGTT	A	9.176e-02	0	0.000e+00	0.000e+00	0.000e+00	2.765e+00	9.633e-02	190
19	1413078	rs60042271	A	G	1.191e-01	0	0.000e+00	0.000e+00	0.000e+00	9.287e-01	3.352e-01	411
19	1413574	rs3786978	T	C	9.564e-02	0	0.000e+00	0.000e+00	0.000e+00	2.571e+00	1.088e-01	200
19	1414150	rs7253868	A	G	1.133e-01	0	0.000e+00	0.000e+00	0.000e+00	1.353e+00	2.447e-01	320
19	1415352	rs3065740	A	G	6.676e-02	0	0.000e+00	0.000e+00	0.000e+00	6.952e+00	8.372e-03	62
19	1419197	rs60221474	T	C	1.072e-01	0	0.000e+00	0.000e+00	0.000e+00	1.454e+00	2.278e-01	305
19	1419891	rs265266	A	G	9.504e-02	0	0.000e+00	0.000e+00	0.000e+00	3.518e+00	6.070e-02	151
19	1419914	rs4807926	T	C	8.791e-02	0	0.000e+00	0.000e+00	0.000e+00	2.809e+00	9.375e-02	186
19	1422844	rs113612105	C	CTTTTCT	1.344e-01	0	0.000e+00	0.000e+00	0.000e+00	1.656e+00	1.981e-01	269
19	1423199	rs4807927	A	G	1.316e-01	0	0.000e+00	0.000e+00	0.000e+00	1.246e+00	2.643e-01	338
19	1425448	rs11666805	C	T	8.471e-02	0	0.000e+00	0.000e+00	0.000e+00	3.483e+00	6.199e-02	154
19	1427260	rs3786983	C	T	8.614e-02	0	0.000e+00	0.000e+00	0.000e+00	3.137e+00	7.654e-02	176
19	1431647	rs8108743	T	C	1.188e-01	0	0.000e+00	0.000e+00	0.000e+00	1.467e+00	2.259e-01	304
19	1434135	rs7251937	T	C	9.313e-02	0	0.000e+00	0.000e+00	0.000e+00	1.278e+00	2.584e-01	332
19	1437185	rs78910903	A	G	9.470e-02	0	0.000e+00	0.000e+00	0.000e+00	1.683e+00	1.946e-01	265
19	1441503	rs59855937	C	CT	3.094e-01	0	0.000e+00	0.000e+00	0.000e+00	6.225e-01	4.301e-01	489
19	1441600	rs11881021	T	C	3.080e-01	0	0.000e+00	0.000e+00	0.000e+00	6.766e-01	4.108e-01	468
19	1441959	rs2332494	C	A	2.724e-01	0	0.000e+00	0.000e+00	0.000e+00	5.992e-01	4.389e-01	497
19	1442042	rs1847602	T	A	3.092e-01	0	0.000e+00	0.000e+00	0.000e+00	6.633e-01	4.154e-01	475
19	1442712	rs7249187	T	C	3.061e-01	0	0.000e+00	0.000e+00	0.000e+00	6.262e-01	4.287e-01	486
19	1444063	rs72983560	G	C	6.999e-02	0	0.000e+00	0.000e+00	0.000e+00	3.389e+00	6.562e-02	165
19	1444419	rs12977033	A	G	3.176e-01	0	0.000e+00	0.000e+00	0.000e+00	1.030e+00	3.102e-01	386
19	1446505	rs144192727	C	CG	3.387e-01	0	0.000e+00	0.000e+00	0.000e+00	7.382e-01	3.902e-01	456
19	1448180	rs4807928	C	T	2.359e-01	0	0.000e+00	0.000e+00	0.000e+00	7.448e-01	3.881e-01	452
19	1448842	rs57277236	CA	C	3.128e-01	0	0.000e+00	0.000e+00	0.000e+00	8.269e-01	3.632e-01	432
19	1449224	rs142171936	GAA	G	5.855e-02	0	0.000e+00	0.000e+00	0.000e+00	2.884e-02	8.652e-01	924
19	1449598	rs57220434	T	C	9.653e-02	0	0.000e+00	0.000e+00	0.000e+00	1.215e-01	7.274e-01	790
19	1450030	rs113149407	C	G	5.623e-02	0	0.000e+00	0.000e+00	0.000e+00	1.163e-01	7.331e-01	793
19	1450403	rs10422038	G	T	2.908e-01	0	0.000e+00	0.000e+00	0.000e+00	4.370e-01	5.086e-01	569
19	1451254	rs8100004	C	T	2.841e-01	0	0.000e+00	0.000e+00	0.000e+00	4.282e-01	5.129e-01	579
19	1451270	rs8100440	A	G	2.934e-01	0	0.000e+00	0.000e+00	0.000e+00	4.075e-01	5.232e-01	586
19	1451274	rs8100017	C	T	2.902e-01	0	0.000e+00	0.000e+00	0.000e+00	3.723e-01	5.418e-01	607
19	1451400	rs8100242	C	T	2.862e-01	0	0.000e+00	0.000e+00	0.000e+00	4.467e-01	5.039e-01	562
19	1451447	rs8103613	T	C	2.858e-01	0	0.000e+00	0.000e+00	0.000e+00	4.242e-01	5.148e-01	581
19	1451448	rs8113441	G	A	2.046e-01	0	0.000e+00	0.000e+00	0.000e+00	1.265e+00	2.606e-01	334
19	1451742	rs8113781	G	A	2.776e-01	0	0.000e+00	0.000e+00	0.000e+00	4.161e-01	5.189e-01	583
19	1452248	rs117229743	G	A	4.766e-02	0	0.000e+00	0.000e+00	0.000e+00	4.334e-03	9.475e-01	972
19	1452815	rs265297	C	G	6.389e-01	0	0.000e+00	0.000e+00	0.000e+00	1.974e+00	1.600e-01	239
19	1453705	rs12985827	T	C	6.566e-01	0	0.000e+00	0.000e+00	0.000e+00	5.993e-01	4.389e-01	496
19	1454042	rs791459	T	C	6.839e-01	0	0.000e+00	0.000e+00	0.000e+00	1.824e+00	1.768e-01	253
19	1454363	rs11305729	CT	C	6.543e-01	0	0.000e+00	0.000e+00	0.000e+00	1.791e+00	1.808e-01	254
19	1503964	rs171948	C	T	3.336e-01	0	0.000e+00	0.000e+00	0.000e+00	5.658e-01	4.519e-01	506
19	1504618	rs265301	G	A	3.565e-01	0	0.000e+00	0.000e+00	0.000e+00	3.122e-01	5.763e-01	640
19	1505283	rs265300	C	T	3.493e-01	0	0.000e+00	0.000e+00	0.000e+00	4.224e-01	5.157e-01	582
19	1505874	rs197198	T	C	4.076e-01	0	0.000e+00	0.000e+00	0.000e+00	1.844e-01	6.676e-01	721
19	1506710	rs3215149	TC	T	3.298e-01	0	0.000e+00	0.000e+00	0.000e+00	1.711e-01	6.791e-01	741
19	1507483	rs791460	T	C	3.420e-01	0	0.000e+00	0.000e+00	0.000e+00	5.530e-01	4.571e-01	509
19	1514485	rs67276518	C	T	2.433e-01	0	0.000e+00	0.000e+00	0.000e+00	2.695e+00	1.007e-01	196
19	1514896	rs67409329	G	A	2.265e-01	0	0.000e+00	0.000e+00	0.000e+00	3.963e+00	4.651e-02	125
19	1515005	rs60623932	T	C	2.686e-01	0	0.000e+00	0.000e+00	0.000e+00	1.835e+00	1.755e-01	252
19	1515390	rs61351330	C	T	2.653e-01	0	0.000e+00	0.000e+00	0.000e+00	2.050e+00	1.522e-01	227
19	1515859	rs66968876	G	C	2.263e-01	0	0.000e+00	0.000e+00	0.000e+00	3.938e+00	4.721e-02	126
19	1516074	rs791458	T	C	3.240e-01	0	0.000e+00	0.000e+00	0.000e+00	3.143e+00	7.626e-02	175
19	1516557	rs11084896	T	G	3.163e-01	0	0.000e+00	0.000e+00	0.000e+00	3.566e+00	5.899e-02	145
19	1516565	rs12610141	C	T	3.124e-01	0	0.000e+00	0.000e+00	0.000e+00	3.326e+00	6.819e-02	167
19	1516567	rs12609022	T	C	3.468e-01	0	0.000e+00	0.000e+00	0.000e+00	2.490e+00	1.146e-01	203
19	1516997	rs8104249	T	C	3.410e-01	0	0.000e+00	0.000e+00	0.000e+00	2.480e+00	1.153e-01	204
19	1517039	rs6510610	C	A	3.446e-01	0	0.000e+00	0.000e+00	0.000e+00	2.268e+00	1.321e-01	217
19	1517041	rs6510611	A	G	3.445e-01	0	0.000e+00	0.000e+00	0.000e+00	2.259e+00	1.328e-01	218
19	1517171	rs8103818	C	T	3.460e-01	0	0.000e+00	0.000e+00	0.000e+00	2.612e+00	1.060e-01	199
19	1517172	rs8103819	C	A	3.459e-01	0	0.000e+00	0.000e+00	0.000e+00	2.621e+00	1.055e-01	198
19	1517292	rs6510612	T	C	3.170e-01	0	0.000e+00	0.000e+00	0.000e+00	3.578e+00	5.855e-02	144
19	1517452	rs144401015	T	C	3.044e-01	0	0.000e+00	0.000e+00	0.000e+00	4.127e+00	4.221e-02	121
19	1517453	rs151078220	G	A	3.044e-01	0	0.000e+00	0.000e+00	0.000e+00	4.121e+00	4.236e-02	122
19	1517455	rs150217878	A	G	2.919e-01	0	0.000e+00	0.000e+00	0.000e+00	3.663e+00	5.563e-02	137
19	1517456	rs138741834	A	G	2.923e-01	0	0.000e+00	0.000e+00	0.000e+00	3.678e+00	5.513e-02	134
19	1517563	rs2656849	G	A	3.533e-01	0	0.000e+00	0.000e+00	0.000e+00	2.542e+00	1.109e-01	202
19	1517743	rs35542829	CA	C	3.465e-01	0	0.000e+00	0.000e+00	0.000e+00	1.891e+00	1.691e-01	246
19	1517843	rs552718167	GT	G	3.186e-01	0	0.000e+00	0.000e+00	0.000e+00	3.546e+00	5.967e-02	147
19	1517844	rs2877698	T	G	3.134e-01	0	0.000e+00	0.000e+00	0.000e+00	3.522e+00	6.055e-02	150
19	1517845	rs140051319	T	G	3.185e-01	0	0.000e+00	0.000e+00	0.000e+00	3.547e+00	5.965e-02	146
19	1517979	rs2668431	T	C	3.056e-01	0	0.000e+00	0.000e+00	0.000e+00	3.186e+00	7.429e-02	173
19	1518133	rs2668430	A	G	3.434e-01	0	0.000e+00	0.000e+00	0.000e+00	2.435e+00	1.186e-01	206
19	1518201	rs2656851	A	G	6.711e-02	0	0.000e+00	0.000e+00	0.000e+00	2.353e-01	6.276e-01	688
19	1519100	rs28460223	A	G	9.139e-02	0	0.000e+00	0.000e+00	0.000e+00	1.071e-01	7.435e-01	802
19	1519449	rs78880046	T	A	2.646e-01	0	0.000e+00	0.000e+00	0.000e+00	2.713e+00	9.956e-02	193
19	1519560	rs182123498	T	C	7.372e-02	0	0.000e+00	0.000e+00	0.000e+00	4.663e-01	4.947e-01	551
19	1519652	rs149126057	A	C	2.988e-01	0	0.000e+00	0.000e+00	0.000e+00	3.395e+00	6.541e-02	164
19	1519681	rs11670720	T	G	1.208e-01	0	0.000e+00	0.000e+00	0.000e+00	2.982e-01	5.850e-01	646
19	1519690	rs140335500	C	A	2.824e-01	0	0.000e+00	0.000e+00	0.000e+00	1.646e+00	1.995e-01	272
19	1519701	rs77949244	G	T	2.609e-01	0	0.000e+00	0.000e+00	0.000e+00	1.758e+00	1.849e-01	260
19	1519912	rs118106683	G	C	6.037e-02	0	0.000e+00	0.000e+00	0.000e+00	1.661e-01	6.836e-01	749
19	1519927	rs73516886	C	T	7.232e-02	0	0.000e+00	0.000e+00	0.000e+00	3.928e-01	5.308e-01	592
19	1519933	rs112429185	A	ACT	7.757e-02	0	0.000e+00	0.000e+00	0.000e+00	1.302e-01	7.182e-01	781
19	1519954	rs77659135	A	T	6.954e-02	0	0.000e+00	0.000e+00	0.000e+00	4.945e-01	4.819e-01	537
19	1520352	rs72987519	C	T	7.063e-02	0	0.000e+00	0.000e+00	0.000e+00	8.124e-02	7.756e-01	841
19	1520678	rs2458123	A	G	8.904e-02	0	0.000e+00	0.000e+00	0.000e+00	1.337e-01	7.146e-01	776
19	1520867	rs112004112	CT	C	1.692e-01	0	0.000e+00	0.000e+00	0.000e+00	5.718e-01	4.496e-01	505
19	1520924	rs190026193	C	A	8.278e-02	0	0.000e+00	0.000e+00	0.000e+00	2.487e-01	6.180e-01	680
19	1520962	rs369450316	C	A	6.773e-02	0	0.000e+00	0.000e+00	0.000e+00	6.177e-01	4.319e-01	491
19	1520965	rs373630102	C	A	6.777e-02	0	0.000e+00	0.000e+00	0.000e+00	6.232e-01	4.299e-01	488
19	1520986	rs377680834	C	T	7.129e-02	0	0.000e+00	0.000e+00	0.000e+00	2.949e-01	5.871e-01	648
19	1520996	rs527974375	GGA	G	6.553e-02	0	0.000e+00	0.000e+00	0.000e+00	4.287e-01	5.126e-01	577
19	1520999	rs549926682	CT	C	6.555e-02	0	0.000e+00	0.000e+00	0.000e+00	4.332e-01	5.104e-01	574
19	1521159	rs148953912	T	C	7.597e-02	0	0.000e+00	0.000e+00	0.000e+00	1.229e-01	7.259e-01	789
19	1521359	rs145483899	CCT	C	2.079e-01	0	0.000e+00	0.000e+00	0.000e+00	1.744e+00	1.866e-01	261
19	1522624	rs60849959	A	C	2.219e-01	0	0.000e+00	0.000e+00	0.000e+00	1.106e+00	2.929e-01	364
19	1523890	rs2277749	C	G	1.985e-01	0	0.000e+00	0.000e+00	0.000e+00	1.415e+00	2.343e-01	311
19	1524065	rs2277751	C	G	2.205e-01	0	0.000e+00	0.000e+00	0.000e+00	1.237e+00	2.660e-01	340
19	1524080	rs189549723	C	G	5.597e-02	0	0.000e+00	0.000e+00	0.000e+00	3.528e+00	6.035e-02	149
19	1524734	rs143501413	TTG	T	6.417e-02	0	0.000e+00	0.000e+00	0.000e+00	2.271e-01	6.337e-01	694
19	1524862	rs12461585	T	C	3.029e-01	0	0.000e+00	0.000e+00	0.000e+00	2.330e+00	1.269e-01	212
19	1525004	rs35498244	GT	G	2.107e-01	0	0.000e+00	0.000e+00	0.000e+00	1.094e+00	2.956e-01	371
19	1525307	rs2292449	G	A	2.777e-01	0	0.000e+00	0.000e+00	0.000e+00	1.881e+00	1.703e-01	247
19	1525382	rs2292450	G	A	2.777e-01	0	0.000e+00	0.000e+00	0.000e+00	1.868e+00	1.717e-01	249
19	1525392	rs2292451	C	T	2.773e-01	0	0.000e+00	0.000e+00	0.000e+00	1.858e+00	1.729e-01	251
19	1525654	rs56991846	G	C	6.208e-02	0	0.000e+00	0.000e+00	0.000e+00	2.698e-01	6.034e-01	664
19	1525885	rs8101420	C	T	1.972e-01	0	0.000e+00	0.000e+00	0.000e+00	1.168e+00	2.799e-01	353
19	1526267	rs2256644	G	A	2.304e-01	0	0.000e+00	0.000e+00	0.000e+00	1.289e+00	2.562e-01	330
19	1526306	rs3215201	GC	G	3.099e-01	0	0.000e+00	0.000e+00	0.000e+00	1.388e+00	2.387e-01	312
19	1526361	rs2668406	G	T	3.118e-01	0	0.000e+00	0.000e+00	0.000e+00	1.499e+00	2.208e-01	295
19	1526470	rs2292453	G	A	2.095e-01	0	0.000e+00	0.000e+00	0.000e+00	1.591e+00	2.073e-01	278
19	1527601	rs11400311	T	TA	2.591e-01	0	0.000e+00	0.000e+00	0.000e+00	9.675e-01	3.253e-01	397
19	1527772	rs7254681	G	A	2.644e-01	0	0.000e+00	0.000e+00	0.000e+00	6.552e-01	4.183e-01	478
19	1527806	rs7254791	G	A	2.589e-01	0	0.000e+00	0.000e+00	0.000e+00	6.744e-01	4.115e-01	470
19	1528780	rs2656861	A	C	3.082e-01	0	0.000e+00	0.000e+00	0.000e+00	4.310e-01	5.115e-01	576
19	1530033	rs2656864	C	G	4.718e-01	0	0.000e+00	0.000e+00	0.000e+00	2.435e+00	1.186e-01	207
19	1530060	rs2656865	C	T	2.671e-01	0	0.000e+00	0.000e+00	0.000e+00	2.704e+00	1.001e-01	194
19	1531420	rs138578670	AAAACAAAAC	A	5.525e-01	0	0.000e+00	0.000e+00	0.000e+00	8.061e-02	7.765e-01	842
19	1531512	rs11667051	G	A	5.530e-01	0	0.000e+00	0.000e+00	0.000e+00	9.549e-02	7.573e-01	826
19	1532121	rs8110745	T	C	5.540e-01	0	0.000e+00	0.000e+00	0.000e+00	8.718e-02	7.678e-01	835
19	1532520	rs10545181	CT	C	5.817e-01	0	0.000e+00	0.000e+00	0.000e+00	1.567e-01	6.922e-01	760
19	1532790	rs11879792	G	A	5.785e-01	0	0.000e+00	0.000e+00	0.000e+00	4.896e-02	8.249e-01	891
19	1532886	rs265288	C	A	6.335e-01	0	0.000e+00	0.000e+00	0.000e+00	6.693e-03	9.348e-01	969
19	1532891	rs11883305	T	A	5.813e-01	0	0.000e+00	0.000e+00	0.000e+00	2.380e-02	8.774e-01	933
19	1533870	rs265286	T	G	6.258e-01	0	0.000e+00	0.000e+00	0.000e+00	1.144e-02	9.148e-01	962
19	1535349	rs265281	G	A	6.322e-01	0	0.000e+00	0.000e+00	0.000e+00	3.004e-03	9.563e-01	976
19	1535945	rs11084901	T	C	5.736e-01	0	0.000e+00	0.000e+00	0.000e+00	1.047e-01	7.462e-01	805
19	1536206	rs10164372	G	T	6.370e-01	0	0.000e+00	0.000e+00	0.000e+00	7.717e-03	9.300e-01	968
19	1536949	rs35892887	A	C	5.561e-01	0	0.000e+00	0.000e+00	0.000e+00	1.510e+00	2.191e-01	294
19	1537467	rs1875960	T	C	6.660e-01	0	0.000e+00	0.000e+00	0.000e+00	1.022e+00	3.121e-01	388
19	1537528	rs1875961	T	C	6.636e-01	0	0.000e+00	0.000e+00	0.000e+00	1.032e+00	3.097e-01	385
19	1538013	rs55865858	A	G	6.987e-01	0	0.000e+00	0.000e+00	0.000e+00	1.739e+00	1.873e-01	262
19	1538186	rs34586320	C	T	1.593e-01	0	0.000e+00	0.000e+00	0.000e+00	2.891e-01	5.908e-01	651
19	1538233	rs34612003	A	C	1.617e-01	0	0.000e+00	0.000e+00	0.000e+00	3.351e-01	5.627e-01	626
19	1538275	rs34489437	C	T	1.596e-01	0	0.000e+00	0.000e+00	0.000e+00	3.084e-01	5.786e-01	642
19	1538468	rs80142056	C	T	1.190e-01	0	0.000e+00	0.000e+00	0.000e+00	1.059e-01	7.449e-01	804
19	1538945	rs16994456	C	G	6.708e-01	0	0.000e+00	0.000e+00	0.000e+00	1.098e+00	2.947e-01	369
19	1539008	rs201987022	A	AG	6.483e-01	0	0.000e+00	0.000e+00	0.000e+00	7.764e-01	3.782e-01	445
19	1539234	rs16994458	C	T	6.569e-01	0	0.000e+00	0.000e+00	0.000e+00	1.106e+00	2.930e-01	365
19	1539267	rs17604651	C	T	4.801e-01	0	0.000e+00	0.000e+00	0.000e+00	1.893e+00	1.689e-01	245
19	1539461	rs8106635	G	C	6.774e-01	0	0.000e+00	0.000e+00	0.000e+00	1.091e+00	2.963e-01	372
19	1539782	rs11883248	T	C	4.891e-01	0	0.000e+00	0.000e+00	0.000e+00	1.451e+00	2.284e-01	306
19	1539822	rs11879754	G	A	4.839e-01	0	0.000e+00	0.000e+00	0.000e+00	1.649e+00	1.991e-01	271
19	1540226	rs10412224	C	G	1.729e-01	0	0.000e+00	0.000e+00	0.000e+00	7.928e-02	7.783e-01	844
19	1540279	rs10413090	A	C	6.742e-01	0	0.000e+00	0.000e+00	0.000e+00	1.211e+00	2.711e-01	345
19	1540309	rs2656866	G	T	7.186e-01	0	0.000e+00	0.000e+00	0.000e+00	1.539e+00	2.148e-01	289
19	1540506	rs2668433	A	G	7.201e-01	0	0.000e+00	0.000e+00	0.000e+00	1.680e+00	1.949e-01	266
19	1562279	rs148389949	C	T	6.044e-02	0	0.000e+00	0.000e+00	0.000e+00	1.920e+00	1.659e-01	244
19	1565645	rs78374957	C	T	6.187e-02	0	0.000e+00	0.000e+00	0.000e+00	1.493e+00	2.218e-01	297
19	1580189	rs2238591	T	C	5.888e-02	0	0.000e+00	0.000e+00	0.000e+00	9.956e-01	3.184e-01	390
19	1589980	rs79853693	C	T	5.868e-02	0	0.000e+00	0.000e+00	0.000e+00	4.371e-01	5.085e-01	568
19	1619348	rs1052696	G	A	7.368e-02	0	0.000e+00	0.000e+00	0.000e+00	1.679e+00	1.951e-01	267
19	1619350	rs1052692	C	T	7.662e-02	0	0.000e+00	0.000e+00	0.000e+00	1.588e+00	2.077e-01	279
19	1624765	rs11673096	C	G	1.474e-01	0	0.000e+00	0.000e+00	0.000e+00	9.633e-02	7.563e-01	821
19	1624766	rs11670039	T	G	1.474e-01	0	0.000e+00	0.000e+00	0.000e+00	9.509e-02	7.578e-01	827
19	1631272	rs35041312	CT	C	1.280e-01	0	0.000e+00	0.000e+00	0.000e+00	7.503e-01	3.864e-01	451
19	1638919	rs10409667	C	T	2.116e-01	0	0.000e+00	0.000e+00	0.000e+00	1.377e+00	2.406e-01	315
19	1641701	rs8107561	C	A	1.551e-01	0	0.000e+00	0.000e+00	0.000e+00	1.630e-01	6.864e-01	754
19	1641840	rs8111031	T	C	1.547e-01	0	0.000e+00	0.000e+00	0.000e+00	1.781e-01	6.730e-01	729
19	1641898	rs8108123	A	C	1.532e-01	0	0.000e+00	0.000e+00	0.000e+00	1.760e-01	6.748e-01	731
19	1642156	rs4807939	C	G	1.347e-01	0	0.000e+00	0.000e+00	0.000e+00	5.512e-01	4.578e-01	510
19	1642191	rs11276687	ACAGACG	A	1.525e-01	0	0.000e+00	0.000e+00	0.000e+00	1.724e-01	6.780e-01	740
19	1642507	rs4807942	T	C	1.538e-01	0	0.000e+00	0.000e+00	0.000e+00	1.799e-01	6.715e-01	726
19	1642781	rs4807944	C	T	1.906e-01	0	0.000e+00	0.000e+00	0.000e+00	1.177e-01	7.315e-01	791
19	1642899	rs72989741	T	A	1.528e-01	0	0.000e+00	0.000e+00	0.000e+00	1.750e-01	6.757e-01	733
19	1642999	rs72989743	G	A	1.522e-01	0	0.000e+00	0.000e+00	0.000e+00	1.882e-01	6.645e-01	717
19	1644655	rs34663110	G	A	6.942e-02	0	0.000e+00	0.000e+00	0.000e+00	1.363e+00	2.431e-01	318
19	1645148	rs79371154	C	T	6.193e-02	0	0.000e+00	0.000e+00	0.000e+00	3.460e-01	5.564e-01	622
19	1645679	rs7259305	T	C	1.566e-01	0	0.000e+00	0.000e+00	0.000e+00	2.116e-01	6.455e-01	706
19	1646712	rs4807125	C	T	1.523e-01	0	0.000e+00	0.000e+00	0.000e+00	3.139e-01	5.753e-01	638
19	1652116	rs181891685	C	A	8.217e-02	0	0.000e+00	0.000e+00	0.000e+00	3.767e-01	5.394e-01	602
19	1653120	rs114329775	G	A	1.554e-01	0	0.000e+00	0.000e+00	0.000e+00	3.899e-01	5.324e-01	594
19	1653546	rs56662959	A	AC	1.454e-01	0	0.000e+00	0.000e+00	0.000e+00	2.959e-01	5.865e-01	647
19	1654847	rs57683526	C	T	1.431e-01	0	0.000e+00	0.000e+00	0.000e+00	3.509e-01	5.536e-01	620
19	1657741	rs72989754	G	T	1.414e-01	0	0.000e+00	0.000e+00	0.000e+00	5.727e-01	4.492e-01	504
19	1670561	rs36013213	G	T	2.145e-01	0	0.000e+00	0.000e+00	0.000e+00	1.079e-01	7.425e-01	801
19	1671660	rs112464053	AC	A	4.448e-01	0	0.000e+00	0.000e+00	0.000e+00	2.478e-01	6.186e-01	681
19	1671665	rs113710762	A	T	4.424e-01	0	0.000e+00	0.000e+00	0.000e+00	3.530e-01	5.524e-01	619
19	1673039	rs61522048	C	CAT	1.490e-01	0	0.000e+00	0.000e+00	0.000e+00	1.189e+00	2.755e-01	349
19	1673775	rs12460682	G	T	5.399e-01	0	0.000e+00	0.000e+00	0.000e+00	4.546e-01	5.001e-01	558
19	1673793	rs12460684	G	A	5.407e-01	0	0.000e+00	0.000e+00	0.000e+00	4.425e-01	5.059e-01	566
19	1674775	rs4807128	G	A	5.429e-01	0	0.000e+00	0.000e+00	0.000e+00	9.500e-01	3.297e-01	403
19	1675011	rs7247716	G	T	5.419e-01	0	0.000e+00	0.000e+00	0.000e+00	9.215e-01	3.371e-01	412
19	1675118	rs12710062	C	T	7.886e-01	0	0.000e+00	0.000e+00	0.000e+00	9.323e-01	3.343e-01	409
19	1675517	rs11084905	C	G	8.386e-01	0	0.000e+00	0.000e+00	0.000e+00	6.297e-02	8.019e-01	874
19	1675524	rs35025519	C	CG	8.398e-01	0	0.000e+00	0.000e+00	0.000e+00	6.524e-02	7.984e-01	867
19	1676419	rs4807949	A	T	8.529e-01	0	0.000e+00	0.000e+00	0.000e+00	1.023e-01	7.491e-01	809
19	1679406	rs12460075	C	G	7.457e-01	0	0.000e+00	0.000e+00	0.000e+00	4.974e-01	4.807e-01	535
19	1679891	rs4459669	T	C	7.897e-01	0	0.000e+00	0.000e+00	0.000e+00	1.974e-01	6.568e-01	712
19	1679912	rs4527142	A	C	5.736e-01	0	0.000e+00	0.000e+00	0.000e+00	1.511e+00	2.190e-01	293
19	1680345	rs67241085	C	T	5.731e-01	0	0.000e+00	0.000e+00	0.000e+00	1.524e+00	2.170e-01	291
19	1681480	rs10416642	A	G	5.762e-01	0	0.000e+00	0.000e+00	0.000e+00	1.499e+00	2.209e-01	296
19	1681736	rs10417255	A	G	8.300e-01	0	0.000e+00	0.000e+00	0.000e+00	1.750e-01	6.757e-01	734
19	1682075	rs8109586	C	T	5.757e-01	0	0.000e+00	0.000e+00	0.000e+00	1.597e+00	2.064e-01	275
19	1682232	rs8113236	T	C	5.699e-01	0	0.000e+00	0.000e+00	0.000e+00	1.571e+00	2.100e-01	280
19	1682776	rs7351116	T	C	8.159e-01	0	0.000e+00	0.000e+00	0.000e+00	8.441e-02	7.714e-01	837
19	1682947	rs4807950	C	T	5.675e-01	0	0.000e+00	0.000e+00	0.000e+00	1.511e+00	2.189e-01	292
19	1683302	rs55691765	C	A	5.670e-01	0	0.000e+00	0.000e+00	0.000e+00	1.490e+00	2.222e-01	299
19	1683791	rs8100357	C	T	5.654e-01	0	0.000e+00	0.000e+00	0.000e+00	1.487e+00	2.226e-01	301
19	1684137	rs4392177	G	A	5.634e-01	0	0.000e+00	0.000e+00	0.000e+00	1.543e+00	2.142e-01	287
19	1684746	rs8103420	G	A	7.420e-02	0	0.000e+00	0.000e+00	0.000e+00	1.927e-04	9.889e-01	991
19	1685996	rs7253871	G	T	9.388e-02	0	0.000e+00	0.000e+00	0.000e+00	1.045e-01	7.465e-01	807
19	1687141	rs8101448	C	A	3.170e-01	0	0.000e+00	0.000e+00	0.000e+00	1.766e+00	1.839e-01	258
19	1689171	rs8108653	G	A	6.482e-02	0	0.000e+00	0.000e+00	0.000e+00	1.734e-01	6.771e-01	738
19	1708248	rs10405940	C	A	4.046e-01	0	0.000e+00	0.000e+00	0.000e+00	7.962e-01	3.722e-01	441
19	1723136	rs7250458	A	G	8.851e-01	0	0.000e+00	0.000e+00	0.000e+00	2.598e-01	6.102e-01	669
19	1723570	rs7250547	C	T	6.978e-01	0	0.000e+00	0.000e+00	0.000e+00	5.479e-01	4.592e-01	512
19	1724033	rs8108505	A	G	8.945e-01	0	0.000e+00	0.000e+00	0.000e+00	1.308e-01	7.176e-01	778
19	1726233	rs4807954	A	G	6.598e-01	0	0.000e+00	0.000e+00	0.000e+00	2.067e+00	1.505e-01	225
19	1727003	rs8105838	C	G	6.680e-01	0	0.000e+00	0.000e+00	0.000e+00	1.871e+00	1.713e-01	248
19	1727239	rs12973996	A	T	6.107e-01	0	0.000e+00	0.000e+00	0.000e+00	2.375e+00	1.233e-01	210
19	1729376	rs8100153	C	G	6.622e-01	0	0.000e+00	0.000e+00	0.000e+00	2.252e+00	1.335e-01	219
19	1730394	rs2079550	A	G	9.156e-01	0	0.000e+00	0.000e+00	0.000e+00	1.528e+00	2.164e-01	290
19	1735086	rs6146436	C	CCCGGGGAGGGG	8.912e-01	0	0.000e+00	0.000e+00	0.000e+00	5.416e-01	4.618e-01	519
19	1735218	rs4411624	T	C	9.178e-01	0	0.000e+00	0.000e+00	0.000e+00	1.345e+00	2.461e-01	323
19	1748927	rs758093	T	C	9.310e-01	0	0.000e+00	0.000e+00	0.000e+00	9.872e-02	7.534e-01	815
19	1759464	rs12973561	G	T	1.436e-01	0	0.000e+00	0.000e+00	0.000e+00	5.965e-02	8.070e-01	880
19	1765297	rs4426464	T	C	8.285e-01	0	0.000e+00	0.000e+00	0.000e+00	3.320e-01	5.645e-01	628
19	1765502	rs7246629	T	C	4.696e-01	0	0.000e+00	0.000e+00	0.000e+00	1.367e+00	2.424e-01	317
19	1765810	rs7247016	T	C	8.331e-01	0	0.000e+00	0.000e+00	0.000e+00	3.152e-01	5.745e-01	637
19	1766051	rs10412500	T	C	8.303e-01	0	0.000e+00	0.000e+00	0.000e+00	2.784e-01	5.978e-01	656
19	1766073	rs7250162	T	G	8.385e-01	0	0.000e+00	0.000e+00	0.000e+00	3.806e-01	5.373e-01	598
19	1766677	rs12978599	C	G	3.655e-01	0	0.000e+00	0.000e+00	0.000e+00	2.776e+00	9.571e-02	189
19	1770750	rs4807956	G	C	4.937e-01	0	0.000e+00	0.000e+00	0.000e+00	9.510e-01	3.295e-01	402
19	1770799	rs4807957	T	C	4.918e-01	0	0.000e+00	0.000e+00	0.000e+00	9.324e-01	3.342e-01	408
19	1773353	rs8108510	A	G	8.484e-01	0	0.000e+00	0.000e+00	0.000e+00	8.410e-01	3.591e-01	426
19	1776735	rs1003922	T	C	7.942e-01	0	0.000e+00	0.000e+00	0.000e+00	3.429e+00	6.406e-02	159
19	1776797	rs117924169	C	T	1.542e-01	0	0.000e+00	0.000e+00	0.000e+00	3.024e+00	8.206e-02	178
19	1777882	rs8110457	C	T	8.427e-01	0	0.000e+00	0.000e+00	0.000e+00	4.202e+00	4.039e-02	119
19	1778039	rs8113439	C	G	7.600e-01	0	0.000e+00	0.000e+00	0.000e+00	4.036e+00	4.454e-02	123
19	1778247	rs7260472	C	A	7.520e-01	0	0.000e+00	0.000e+00	0.000e+00	3.862e+00	4.938e-02	128
19	1778643	rs138967416	TC	T	8.628e-02	0	0.000e+00	0.000e+00	0.000e+00	3.195e-01	5.719e-01	636
19	1780972	rs56291930	T	TAAAA	4.554e-01	0	0.000e+00	0.000e+00	0.000e+00	5.979e-01	4.394e-01	498
19	1781952	rs145407347	TGAA	T	4.172e-01	0	0.000e+00	0.000e+00	0.000e+00	7.531e-01	3.855e-01	449
19	1782189	rs1054597	G	A	4.245e-01	0	0.000e+00	0.000e+00	0.000e+00	7.047e-01	4.012e-01	463
19	1783261	rs2385387	C	T	4.210e-01	0	0.000e+00	0.000e+00	0.000e+00	6.810e-01	4.093e-01	467
19	1784383	rs8102942	A	G	4.724e-01	0	0.000e+00	0.000e+00	0.000e+00	6.838e-02	7.937e-01	859
19	1784890	rs3764605	A	G	4.719e-01	0	0.000e+00	0.000e+00	0.000e+00	5.956e-02	8.072e-01	881
19	1784944	rs3764606	A	G	4.722e-01	0	0.000e+00	0.000e+00	0.000e+00	6.219e-02	8.031e-01	875
19	1785772	rs8110462	T	C	4.259e-01	0	0.000e+00	0.000e+00	0.000e+00	5.474e-01	4.594e-01	513
19	1789721	rs56335545	T	C	6.517e-02	0	0.000e+00	0.000e+00	0.000e+00	2.696e+00	1.006e-01	195
19	1790508	rs111913894	T	C	4.311e-01	0	0.000e+00	0.000e+00	0.000e+00	3.359e-01	5.622e-01	625
19	1791388	rs34511191	AT	A	4.771e-01	0	0.000e+00	0.000e+00	0.000e+00	1.992e-02	8.878e-01	942
19	1792218	rs7258947	G	A	4.159e-01	0	0.000e+00	0.000e+00	0.000e+00	1.393e-01	7.090e-01	775
19	1794257	rs8106290	G	A	1.087e-01	0	0.000e+00	0.000e+00	0.000e+00	5.420e+00	1.990e-02	96
19	1796576	rs62127691	T	G	2.523e-01	0	3.000e-04	3.116e-01	1.099e-01	1.028e+01	1.348e-03	38
19	1797367	rs73916808	T	C	1.360e-01	0	0.000e+00	0.000e+00	0.000e+00	5.401e+00	2.012e-02	97
19	1798227	rs62127693	C	T	1.101e-01	0	0.000e+00	0.000e+00	0.000e+00	6.156e+00	1.310e-02	79
19	1799019	rs8111832	G	A	1.094e-01	0	0.000e+00	0.000e+00	0.000e+00	6.278e+00	1.223e-02	74
19	1799563	rs8112429	G	A	1.103e-01	0	0.000e+00	0.000e+00	0.000e+00	5.320e+00	2.109e-02	101
19	1799662	rs57087033	C	T	1.103e-01	0	0.000e+00	0.000e+00	0.000e+00	5.305e+00	2.126e-02	102
19	1800962	rs183017929	G	C	1.071e-01	0	0.000e+00	0.000e+00	0.000e+00	5.436e+00	1.973e-02	95
19	1801612	rs74593459	G	C	1.069e-01	0	0.000e+00	0.000e+00	0.000e+00	6.111e+00	1.344e-02	81
19	1802482	rs62127697	G	A	1.056e-01	0	0.000e+00	0.000e+00	0.000e+00	5.972e+00	1.454e-02	87
19	1803582	rs7253430	G	T	2.350e-01	0	0.000e+00	0.000e+00	0.000e+00	6.248e+00	1.243e-02	76
19	1803788	rs60279569	G	A	1.036e-01	0	0.000e+00	0.000e+00	0.000e+00	6.037e+00	1.401e-02	85
19	1804480	rs7257675	G	A	6.570e-02	0	0.000e+00	0.000e+00	0.000e+00	3.747e+00	5.289e-02	132
19	1804777	rs7258958	C	T	6.523e-02	0	0.000e+00	0.000e+00	0.000e+00	3.836e+00	5.015e-02	130
19	1808569	rs12151205	T	A	4.910e-01	0	0.000e+00	0.000e+00	0.000e+00	7.777e-01	3.778e-01	444
19	1808600	rs35635861	A	G	5.277e-01	0	0.000e+00	0.000e+00	0.000e+00	1.143e+00	2.850e-01	355
19	1808863	rs10403288	G	A	1.939e-01	0	2.000e-04	-2.324e-01	8.074e-02	9.461e+00	2.099e-03	45
19	1809598	rs9941464	C	T	2.490e-01	0	0.000e+00	0.000e+00	0.000e+00	9.608e+00	1.937e-03	41
19	1809836	rs8107742	T	C	8.464e-01	0	0.000e+00	0.000e+00	0.000e+00	1.217e+00	2.700e-01	342
19	1810098	rs7260237	G	A	2.026e-01	0	2.000e-04	-2.527e-01	8.211e-02	1.085e+01	9.859e-04	34
19	1810399	rs2018612	A	G	8.540e-01	0	0.000e+00	0.000e+00	0.000e+00	2.407e+00	1.208e-01	208
19	1810605	rs716993	T	C	8.540e-01	0	0.000e+00	0.000e+00	0.000e+00	2.404e+00	1.211e-01	209
19	1811130	rs4807143	A	G	8.430e-01	0	0.000e+00	0.000e+00	0.000e+00	2.816e+00	9.335e-02	184
19	1811547	rs12609187	A	G	8.382e-01	0	0.000e+00	0.000e+00	0.000e+00	2.360e+00	1.245e-01	211
19	1811603	rs7250872	C	T	3.078e-01	0	0.000e+00	0.000e+00	0.000e+00	3.489e+00	6.179e-02	153
19	1812204	rs10418560	G	A	3.067e-01	0	0.000e+00	0.000e+00	0.000e+00	3.343e+00	6.750e-02	166
19	1812521	rs10421558	A	G	2.927e-01	0	0.000e+00	0.000e+00	0.000e+00	4.417e+00	3.559e-02	116
19	1812682	rs11668832	A	G	5.169e-01	0	0.000e+00	0.000e+00	0.000e+00	1.546e+00	2.138e-01	285
19	1813207	rs7259484	A	G	2.358e-01	0	0.000e+00	0.000e+00	0.000e+00	3.166e-02	8.588e-01	919
19	1814025	rs12977787	G	A	5.053e-01	0	0.000e+00	0.000e+00	0.000e+00	1.475e+00	2.246e-01	303
19	1814298	rs7248565	A	G	7.545e-01	0	0.000e+00	0.000e+00	0.000e+00	5.384e-01	4.631e-01	520
19	1814743	rs11882337	T	C	7.485e-01	0	0.000e+00	0.000e+00	0.000e+00	1.037e+00	3.085e-01	381
19	1817113	rs12976128	A	C	2.125e-01	0	0.000e+00	0.000e+00	0.000e+00	7.289e-02	7.872e-01	854
19	1817134	rs371332447	C	CCCAGATGGGG	7.349e-01	0	0.000e+00	0.000e+00	0.000e+00	1.033e+00	3.094e-01	383
19	1817866	rs2304612	C	T	2.241e-01	0	0.000e+00	0.000e+00	0.000e+00	1.120e-01	7.378e-01	796
19	1817943	rs2304613	G	C	2.272e-01	0	0.000e+00	0.000e+00	0.000e+00	1.733e-01	6.772e-01	739
19	1818403	rs1610105	A	G	7.587e-01	0	0.000e+00	0.000e+00	0.000e+00	1.058e+00	3.038e-01	377
19	1818459	rs1610106	A	G	7.434e-01	0	0.000e+00	0.000e+00	0.000e+00	7.394e-01	3.899e-01	455
19	1818952	rs893538	C	G	7.870e-01	0	0.000e+00	0.000e+00	0.000e+00	1.986e+00	1.588e-01	237
19	1819125	rs2396359	T	C	2.293e-01	0	0.000e+00	0.000e+00	0.000e+00	1.417e-01	7.066e-01	773
19	1819234	rs113598561	ACT	A	4.749e-01	0	0.000e+00	0.000e+00	0.000e+00	9.523e-01	3.291e-01	401
19	1819736	rs749109	G	A	2.278e-01	0	0.000e+00	0.000e+00	0.000e+00	1.530e-01	6.957e-01	764
19	1821637	rs4807145	A	G	7.443e-01	0	0.000e+00	0.000e+00	0.000e+00	9.086e-01	3.405e-01	415
19	1822668	rs2289286	T	C	2.193e-01	0	0.000e+00	0.000e+00	0.000e+00	2.840e-02	8.662e-01	925
19	1824793	rs113464435	T	TTATC	7.399e-01	0	0.000e+00	0.000e+00	0.000e+00	8.977e-01	3.434e-01	416
19	1825401	rs12985022	A	G	2.296e-01	0	0.000e+00	0.000e+00	0.000e+00	6.528e-02	7.983e-01	866
19	1825480	rs112933999	A	AT	4.841e-01	0	0.000e+00	0.000e+00	0.000e+00	8.058e-01	3.694e-01	438
19	1825662	rs12985599	A	G	2.297e-01	0	0.000e+00	0.000e+00	0.000e+00	6.372e-02	8.007e-01	872
19	1825927	rs149465929	TCTC	T	2.134e-01	0	0.000e+00	0.000e+00	0.000e+00	1.570e-02	9.003e-01	954
19	1825930	rs75443592	C	T	1.715e-01	0	0.000e+00	0.000e+00	0.000e+00	1.824e-02	8.926e-01	948
19	1826112	rs2304615	A	G	2.301e-01	0	0.000e+00	0.000e+00	0.000e+00	6.171e-02	8.038e-01	877
19	1826164	rs2304616	G	T	2.296e-01	0	0.000e+00	0.000e+00	0.000e+00	6.422e-02	7.999e-01	870
19	1826383	rs1078229	A	C	2.311e-01	0	0.000e+00	0.000e+00	0.000e+00	6.400e-02	8.003e-01	871
19	1826683	rs67853256	GGCAACAGGA	G	2.298e-01	0	0.000e+00	0.000e+00	0.000e+00	5.344e-02	8.172e-01	886
19	1827565	rs10415018	A	G	1.478e-01	0	0.000e+00	0.000e+00	0.000e+00	5.587e-06	9.981e-01	998
19	1828948	19:1828948:A:C	A	C	2.310e-01	0	0.000e+00	0.000e+00	0.000e+00	8.256e-02	7.739e-01	839
19	1829829	rs11669766	G	A	4.888e-01	0	0.000e+00	0.000e+00	0.000e+00	7.100e-01	3.995e-01	462
19	1829860	rs4453627	T	C	2.359e-01	0	0.000e+00	0.000e+00	0.000e+00	3.586e-02	8.498e-01	910
19	1831867	rs144020965	G	A	5.065e-01	0	0.000e+00	0.000e+00	0.000e+00	9.306e-01	3.347e-01	410
19	1831958	rs8103930	T	C	7.627e-01	0	0.000e+00	0.000e+00	0.000e+00	9.619e-01	3.267e-01	400
19	1832317	rs8102879	G	A	2.275e-01	0	0.000e+00	0.000e+00	0.000e+00	1.636e-02	8.982e-01	950
19	1833338	rs732310	G	T	4.840e-01	0	0.000e+00	0.000e+00	0.000e+00	6.368e-01	4.249e-01	483
19	1833650	rs12975656	G	A	4.795e-01	0	0.000e+00	0.000e+00	0.000e+00	6.585e-01	4.171e-01	477
19	1834029	rs11669170	G	A	4.843e-01	0	0.000e+00	0.000e+00	0.000e+00	6.245e-01	4.294e-01	487
19	1835625	rs8101970	C	T	2.235e-01	0	0.000e+00	0.000e+00	0.000e+00	1.693e-03	9.672e-01	986
19	1835784	rs4807147	G	C	4.846e-01	0	0.000e+00	0.000e+00	0.000e+00	5.997e-01	4.387e-01	495
19	1835952	rs10409758	A	C	2.171e-01	0	0.000e+00	0.000e+00	0.000e+00	3.044e-05	9.956e-01	996
19	1835973	rs4807148	G	C	4.845e-01	0	0.000e+00	0.000e+00	0.000e+00	5.967e-01	4.399e-01	499
19	1836273	rs4807149	T	C	7.292e-01	0	0.000e+00	0.000e+00	0.000e+00	4.772e-01	4.897e-01	544
19	1836735	rs59269478	A	ACT	7.485e-01	0	0.000e+00	0.000e+00	0.000e+00	7.296e-01	3.930e-01	458
19	1837061	rs10422439	A	G	7.512e-01	0	0.000e+00	0.000e+00	0.000e+00	7.273e-01	3.937e-01	459
19	1837262	rs11669862	T	C	4.803e-01	0	0.000e+00	0.000e+00	0.000e+00	5.440e-01	4.608e-01	516
19	1837320	rs4807150	C	T	7.457e-01	0	0.000e+00	0.000e+00	0.000e+00	7.909e-01	3.738e-01	443
19	1837338	rs4807151	T	C	7.716e-01	0	0.000e+00	0.000e+00	0.000e+00	1.355e+00	2.443e-01	319
19	1837960	rs35202074	G	A	4.738e-01	0	0.000e+00	0.000e+00	0.000e+00	4.854e-01	4.860e-01	540
19	1838663	rs11433403	C	CA	5.034e-01	0	0.000e+00	0.000e+00	0.000e+00	6.590e-01	4.169e-01	476
19	1838985	rs11084909	G	A	4.856e-01	0	0.000e+00	0.000e+00	0.000e+00	5.065e-01	4.766e-01	531
19	1839254	rs550126599	C	CAA	1.576e-01	0	0.000e+00	0.000e+00	0.000e+00	8.936e-01	3.445e-01	417
19	1840267	rs10405979	A	G	2.234e-01	0	0.000e+00	0.000e+00	0.000e+00	1.725e-03	9.669e-01	985
19	1840787	rs10853955	G	A	4.872e-01	0	0.000e+00	0.000e+00	0.000e+00	5.255e-01	4.685e-01	526
19	1841196	rs11330938	TC	T	7.447e-01	0	0.000e+00	0.000e+00	0.000e+00	7.341e-01	3.915e-01	457
19	1841501	rs11667638	A	G	4.866e-01	0	0.000e+00	0.000e+00	0.000e+00	4.957e-01	4.814e-01	536
19	1842118	rs8108692	A	G	5.097e-01	0	0.000e+00	0.000e+00	0.000e+00	8.107e-01	3.679e-01	436
19	1842647	rs61328803	A	G	2.444e-01	0	0.000e+00	0.000e+00	0.000e+00	1.065e+00	3.021e-01	375
19	1842884	rs12462721	G	A	2.229e-01	0	0.000e+00	0.000e+00	0.000e+00	2.493e-03	9.602e-01	978
19	1842919	rs12460791	A	G	2.236e-01	0	0.000e+00	0.000e+00	0.000e+00	2.272e-03	9.620e-01	980
19	1843493	rs893539	G	A	2.451e-01	0	0.000e+00	0.000e+00	0.000e+00	1.115e+00	2.910e-01	363
19	1843626	rs893540	C	T	2.446e-01	0	0.000e+00	0.000e+00	0.000e+00	1.094e+00	2.955e-01	370
19	1847199	rs11670190	C	G	4.880e-01	0	0.000e+00	0.000e+00	0.000e+00	4.609e-01	4.972e-01	556
19	1847407	rs1609760	T	G	7.447e-01	0	0.000e+00	0.000e+00	0.000e+00	8.574e-01	3.545e-01	421
19	1847698	rs1609761	A	C	2.211e-01	0	0.000e+00	0.000e+00	0.000e+00	3.125e-02	8.597e-01	920
19	1847743	rs11670146	G	A	4.851e-01	0	0.000e+00	0.000e+00	0.000e+00	4.744e-01	4.910e-01	546
19	1847902	rs11084910	T	C	7.441e-01	0	0.000e+00	0.000e+00	0.000e+00	9.136e-01	3.392e-01	414
19	1848243	rs12984809	A	G	7.580e-01	0	0.000e+00	0.000e+00	0.000e+00	1.022e+00	3.120e-01	387
19	1848628	rs12985849	A	G	2.257e-01	0	0.000e+00	0.000e+00	0.000e+00	1.283e-02	9.098e-01	960
19	1848957	rs12460105	A	G	2.358e-01	0	0.000e+00	0.000e+00	0.000e+00	1.137e-02	9.151e-01	963
19	1849147	rs35917007	A	G	4.873e-01	0	0.000e+00	0.000e+00	0.000e+00	4.600e-01	4.976e-01	557
19	1849887	rs7254123	G	C	2.219e-01	0	0.000e+00	0.000e+00	0.000e+00	4.697e-02	8.284e-01	894
19	1849967	rs12461221	T	G	2.159e-01	0	0.000e+00	0.000e+00	0.000e+00	1.832e-02	8.923e-01	946
19	1850165	rs34541064	C	T	4.873e-01	0	0.000e+00	0.000e+00	0.000e+00	4.476e-01	5.035e-01	561
19	1850895	rs4806811	A	G	2.166e-01	0	0.000e+00	0.000e+00	0.000e+00	2.040e-02	8.864e-01	939
19	1851084	rs4807152	A	G	2.155e-01	0	0.000e+00	0.000e+00	0.000e+00	2.075e-02	8.855e-01	937
19	1851471	rs11084911	T	C	7.445e-01	0	0.000e+00	0.000e+00	0.000e+00	9.421e-01	3.317e-01	405
19	1852078	rs11880925	C	G	7.157e-01	0	0.000e+00	0.000e+00	0.000e+00	7.447e-01	3.881e-01	453
19	1852494	rs3746038	C	T	2.190e-01	0	0.000e+00	0.000e+00	0.000e+00	7.023e-02	7.910e-01	856
19	1852582	rs1054972	A	G	2.182e-01	0	0.000e+00	0.000e+00	0.000e+00	3.438e-02	8.529e-01	913
19	1852837	rs3746042	A	G	2.107e-01	0	0.000e+00	0.000e+00	0.000e+00	6.629e-02	7.968e-01	860
19	1853667	rs3746043	C	G	7.321e-01	0	0.000e+00	0.000e+00	0.000e+00	1.259e+00	2.618e-01	337
19	1853983	rs10556752	TG	T	7.209e-01	0	0.000e+00	0.000e+00	0.000e+00	1.375e+00	2.409e-01	316
19	1854151	rs12972720	G	C	4.980e-01	0	0.000e+00	0.000e+00	0.000e+00	2.887e-01	5.911e-01	653
19	1854253	rs149080927	G	GC	4.895e-01	0	0.000e+00	0.000e+00	0.000e+00	5.216e-01	4.702e-01	527
19	1854557	rs3746045	A	G	2.453e-01	0	0.000e+00	0.000e+00	0.000e+00	2.463e-01	6.197e-01	683
19	1854935	rs4806812	C	G	1.986e-01	0	0.000e+00	0.000e+00	0.000e+00	1.880e-01	6.646e-01	718
19	1855331	rs12611202	G	A	2.359e-01	0	0.000e+00	0.000e+00	0.000e+00	3.961e-01	5.291e-01	590
19	1855334	rs12610131	T	C	2.354e-01	0	0.000e+00	0.000e+00	0.000e+00	3.870e-01	5.339e-01	595
19	1856186	rs12974664	G	A	4.958e-01	0	0.000e+00	0.000e+00	0.000e+00	5.488e-01	4.588e-01	511
19	1856554	rs11666480	C	G	4.958e-01	0	0.000e+00	0.000e+00	0.000e+00	4.280e-01	5.130e-01	580
19	1856953	rs59062258	GT	G	5.520e-01	0	0.000e+00	0.000e+00	0.000e+00	1.593e+00	2.069e-01	277
19	1857297	rs10411759	G	A	1.707e-01	0	0.000e+00	0.000e+00	0.000e+00	3.798e-01	5.377e-01	599
19	1857490	rs10413786	C	T	1.862e-01	0	0.000e+00	0.000e+00	0.000e+00	8.455e-01	3.578e-01	425
19	1857674	rs10412637	G	C	1.941e-01	0	0.000e+00	0.000e+00	0.000e+00	8.509e-01	3.563e-01	423
19	1857878	rs7255210	T	A	1.849e-01	0	0.000e+00	0.000e+00	0.000e+00	9.631e-01	3.264e-01	399
19	1858183	rs893541	T	C	1.844e-01	0	0.000e+00	0.000e+00	0.000e+00	9.734e-01	3.238e-01	396
19	1858873	rs4807154	C	T	5.192e-02	0	0.000e+00	0.000e+00	0.000e+00	2.753e-01	5.998e-01	660
19	1859390	rs11084912	A	C	2.016e-01	0	1.000e-04	1.066e-01	9.225e-02	1.596e+00	2.064e-01	276
19	1860147	rs4806814	G	A	1.642e-01	0	0.000e+00	0.000e+00	0.000e+00	7.544e-01	3.851e-01	448
19	1860409	rs150431611	C	CCTG	6.132e-02	0	2.000e-04	-4.463e-01	1.426e-01	1.464e+01	1.300e-04	6
19	1861023	rs56289648	G	A	5.048e-01	0	0.000e+00	0.000e+00	0.000e+00	5.170e-01	4.721e-01	529
19	1862746	rs8113064	A	G	1.653e-01	0	0.000e+00	0.000e+00	0.000e+00	8.029e-01	3.702e-01	439
19	1863587	rs571616389	C	CGGA	7.762e-02	0	0.000e+00	0.000e+00	0.000e+00	1.977e+00	1.597e-01	238
19	1863884	rs118085015	T	C	6.764e-01	0	0.000e+00	0.000e+00	0.000e+00	2.204e+00	1.377e-01	222
19	1864278	rs35864738	AC	A	1.580e-01	0	0.000e+00	0.000e+00	0.000e+00	9.747e-01	3.235e-01	395
19	1864601	rs3810417	C	T	1.579e-01	0	0.000e+00	0.000e+00	0.000e+00	9.665e-01	3.256e-01	398
19	1864960	rs12972800	G	A	5.056e-01	0	0.000e+00	0.000e+00	0.000e+00	4.667e-01	4.945e-01	550
19	1865673	rs28626548	A	G	1.625e-01	0	0.000e+00	0.000e+00	0.000e+00	8.847e-01	3.469e-01	418
19	1865901	rs12981256	G	A	5.051e-01	0	0.000e+00	0.000e+00	0.000e+00	4.807e-01	4.881e-01	542
19	1866115	rs12974458	C	T	5.093e-01	0	0.000e+00	0.000e+00	0.000e+00	4.648e-01	4.954e-01	554
19	1866163	rs10403924	C	T	1.622e-01	0	0.000e+00	0.000e+00	0.000e+00	8.774e-01	3.489e-01	419
19	1866427	rs10411032	T	C	1.690e-01	0	0.000e+00	0.000e+00	0.000e+00	1.540e+00	2.146e-01	288
19	1866728	rs8100432	C	T	6.982e-01	0	0.000e+00	0.000e+00	0.000e+00	2.757e+00	9.683e-02	191
19	1866859	rs8103942	T	C	6.983e-01	0	0.000e+00	0.000e+00	0.000e+00	2.739e+00	9.791e-02	192
19	1867912	rs4806815	G	T	1.262e-01	0	0.000e+00	0.000e+00	0.000e+00	6.840e-01	4.082e-01	464
19	1868461	rs12984717	T	A	1.294e-01	0	0.000e+00	0.000e+00	0.000e+00	5.945e-01	4.407e-01	500
19	1869152	rs72975653	G	T	5.035e-01	0	0.000e+00	0.000e+00	0.000e+00	8.543e-02	7.701e-01	836
19	1869265	rs4807155	C	A	1.197e-01	0	0.000e+00	0.000e+00	0.000e+00	2.013e-01	6.537e-01	711
19	1870952	rs8108799	G	A	1.122e-01	0	0.000e+00	0.000e+00	0.000e+00	2.940e-01	5.877e-01	649
19	1871341	rs4807156	T	C	6.406e-01	0	0.000e+00	0.000e+00	0.000e+00	6.214e-01	4.305e-01	490
19	1871699	rs10401329	G	A	1.171e-01	0	0.000e+00	0.000e+00	0.000e+00	1.396e-01	7.087e-01	774
19	1871861	rs10409796	T	G	6.581e-01	0	0.000e+00	0.000e+00	0.000e+00	1.016e+00	3.135e-01	389
19	1872115	rs11084913	A	G	6.329e-01	0	0.000e+00	0.000e+00	0.000e+00	7.253e-01	3.944e-01	461
19	1873261	rs10416817	C	T	6.458e-01	0	0.000e+00	0.000e+00	0.000e+00	9.817e-01	3.218e-01	394
19	1873720	rs11084914	G	A	1.131e-01	0	0.000e+00	0.000e+00	0.000e+00	2.243e-01	6.358e-01	697
19	1874017	rs10422110	G	A	6.098e-01	0	0.000e+00	0.000e+00	0.000e+00	1.176e+00	2.781e-01	351
19	1876009	rs8607	T	C	6.080e-01	0	0.000e+00	0.000e+00	0.000e+00	7.944e-01	3.728e-01	442
19	1876566	rs10414308	A	G	6.075e-01	0	0.000e+00	0.000e+00	0.000e+00	7.751e-01	3.786e-01	446
19	1876654	rs11671347	G	C	5.048e-01	0	0.000e+00	0.000e+00	0.000e+00	4.284e-01	5.128e-01	578
19	1877727	rs2289287	G	T	5.177e-01	0	0.000e+00	0.000e+00	0.000e+00	8.122e-01	3.675e-01	435
19	1878507	rs10402026	C	T	6.082e-01	0	0.000e+00	0.000e+00	0.000e+00	8.107e-01	3.679e-01	437
19	1879197	rs11084915	T	C	6.070e-01	0	0.000e+00	0.000e+00	0.000e+00	8.391e-01	3.597e-01	427
19	1879687	rs7249096	A	G	6.087e-01	0	0.000e+00	0.000e+00	0.000e+00	8.244e-01	3.639e-01	433
19	1880343	rs4807158	C	G	8.954e-02	0	0.000e+00	0.000e+00	0.000e+00	6.533e-02	7.983e-01	865
19	1880372	rs11669774	G	C	5.017e-01	0	0.000e+00	0.000e+00	0.000e+00	5.457e-01	4.601e-01	514
19	1880523	rs12461295	G	A	6.073e-01	0	0.000e+00	0.000e+00	0.000e+00	8.340e-01	3.611e-01	429
19	1880557	rs10410369	T	C	6.238e-01	0	0.000e+00	0.000e+00	0.000e+00	1.138e+00	2.861e-01	356
19	1880586	rs4807159	A	C	6.088e-01	0	0.000e+00	0.000e+00	0.000e+00	8.295e-01	3.624e-01	431
19	1880950	rs4807160	T	C	6.201e-01	0	0.000e+00	0.000e+00	0.000e+00	1.132e+00	2.873e-01	358
19	1881919	rs893542	A	G	4.964e-01	0	0.000e+00	0.000e+00	0.000e+00	2.532e-01	6.149e-01	675
19	1881920	rs893543	G	A	4.964e-01	0	0.000e+00	0.000e+00	0.000e+00	2.557e-01	6.131e-01	672
19	1882762	rs3810416	G	A	6.103e-01	0	0.000e+00	0.000e+00	0.000e+00	9.485e-01	3.301e-01	404
19	1883433	rs1610107	C	T	6.025e-01	0	0.000e+00	0.000e+00	0.000e+00	1.105e+00	2.932e-01	367
19	1883654	rs1610108	G	A	6.703e-01	0	0.000e+00	0.000e+00	0.000e+00	1.320e+00	2.506e-01	324
19	1883951	rs12978348	T	C	6.669e-01	0	0.000e+00	0.000e+00	0.000e+00	1.564e+00	2.111e-01	282
19	1884016	rs7250218	T	C	5.679e-02	0	0.000e+00	0.000e+00	0.000e+00	3.950e-02	8.425e-01	908
19	1884552	rs7246402	G	A	6.105e-01	0	0.000e+00	0.000e+00	0.000e+00	1.294e+00	2.553e-01	328
19	1885580	rs144339564	T	TG	6.037e-01	0	0.000e+00	0.000e+00	0.000e+00	1.289e+00	2.562e-01	329
19	1885901	rs10414061	G	A	6.544e-01	0	0.000e+00	0.000e+00	0.000e+00	1.552e+00	2.129e-01	283
19	1885948	rs10414095	G	C	6.033e-01	0	0.000e+00	0.000e+00	0.000e+00	1.284e+00	2.572e-01	331
19	1886375	rs35535536	CCT	C	6.474e-01	0	0.000e+00	0.000e+00	0.000e+00	1.990e+00	1.583e-01	235
19	1886899	rs8113280	T	C	6.049e-01	0	0.000e+00	0.000e+00	0.000e+00	1.658e+00	1.979e-01	268
19	1886907	rs8109966	C	T	6.480e-01	0	0.000e+00	0.000e+00	0.000e+00	2.005e+00	1.568e-01	233
19	1886950	rs534766381	C	CA	5.762e-01	0	0.000e+00	0.000e+00	0.000e+00	1.490e+00	2.222e-01	300
19	1887364	rs1866378	A	G	6.533e-01	0	0.000e+00	0.000e+00	0.000e+00	2.018e+00	1.554e-01	231
19	1887431	rs1866379	T	C	6.499e-01	0	0.000e+00	0.000e+00	0.000e+00	2.047e+00	1.525e-01	229
19	1887506	rs1866380	C	T	6.495e-01	0	0.000e+00	0.000e+00	0.000e+00	2.008e+00	1.565e-01	232
19	1887509	rs1866381	T	G	6.501e-01	0	0.000e+00	0.000e+00	0.000e+00	2.042e+00	1.530e-01	230
19	1888890	rs4807161	G	C	6.502e-01	0	0.000e+00	0.000e+00	0.000e+00	1.988e+00	1.585e-01	236
19	1889565	rs9749413	A	G	6.535e-01	0	0.000e+00	0.000e+00	0.000e+00	1.791e+00	1.808e-01	255
19	1889716	rs9749385	G	C	6.247e-01	0	0.000e+00	0.000e+00	0.000e+00	1.945e+00	1.631e-01	242
19	1890659	rs8107998	T	G	6.561e-01	0	0.000e+00	0.000e+00	0.000e+00	1.954e+00	1.622e-01	241
19	1890842	rs8105104	A	G	6.505e-01	0	0.000e+00	0.000e+00	0.000e+00	1.920e+00	1.658e-01	243
19	1891866	rs146207975	A	AT	5.364e-01	0	0.000e+00	0.000e+00	0.000e+00	4.364e-01	5.089e-01	570
19	1891992	rs3957285	G	A	5.126e-01	0	0.000e+00	0.000e+00	0.000e+00	1.042e+00	3.074e-01	379
19	1892719	rs12461105	G	A	5.439e-02	0	0.000e+00	0.000e+00	0.000e+00	6.580e-02	7.976e-01	863
19	1892924	rs71174394	C	CT	5.059e-01	0	0.000e+00	0.000e+00	0.000e+00	3.786e-01	5.383e-01	600
19	1893842	rs11084916	A	T	6.001e-01	0	0.000e+00	0.000e+00	0.000e+00	1.487e+00	2.227e-01	302
19	1894990	rs565224916	TAAAAAAAAAAAAAAAAAA	T	1.722e-01	0	0.000e+00	0.000e+00	0.000e+00	2.052e+00	1.520e-01	226
19	1896093	rs10403468	C	G	6.861e-01	0	0.000e+00	0.000e+00	0.000e+00	4.410e+00	3.573e-02	117
19	1896825	rs8113626	G	A	5.562e-01	0	0.000e+00	0.000e+00	0.000e+00	3.419e+00	6.446e-02	160
19	1897306	rs536465934	CA	C	7.716e-02	0	0.000e+00	0.000e+00	0.000e+00	1.578e-01	6.912e-01	759
19	1897418	rs10410261	G	A	7.529e-01	0	0.000e+00	0.000e+00	0.000e+00	3.259e-02	8.567e-01	917
19	1897582	rs4807162	A	G	7.720e-01	0	0.000e+00	0.000e+00	0.000e+00	1.465e-02	9.037e-01	958
19	1897922	rs4807163	A	G	7.860e-01	0	0.000e+00	0.000e+00	0.000e+00	2.202e-03	9.626e-01	981
19	1898198	rs5826747	A	AAAC	6.437e-01	0	0.000e+00	0.000e+00	0.000e+00	6.430e-02	7.998e-01	869
19	1898659	rs4807164	A	C	6.967e-01	0	0.000e+00	0.000e+00	0.000e+00	2.291e-01	6.322e-01	691
19	1898972	rs4806817	C	A	6.794e-01	0	0.000e+00	0.000e+00	0.000e+00	2.109e-01	6.461e-01	707
19	1899264	rs78382468	C	T	1.297e-01	0	0.000e+00	0.000e+00	0.000e+00	1.239e+01	4.325e-04	20
19	1900033	rs10426370	T	C	7.322e-01	0	0.000e+00	0.000e+00	0.000e+00	2.118e-01	6.454e-01	704
19	1900041	rs373449983	CTTTT	C	1.477e-01	0	0.000e+00	0.000e+00	0.000e+00	1.062e+01	1.117e-03	37
19	1901082	rs35021992	C	T	5.520e-01	0	0.000e+00	0.000e+00	0.000e+00	3.616e+00	5.724e-02	140
19	1901314	rs4807165	C	T	7.333e-01	0	0.000e+00	0.000e+00	0.000e+00	1.818e-01	6.699e-01	722
19	1902528	rs112310092	C	T	1.283e-01	0	2.000e-04	-3.144e-01	1.016e-01	1.181e+01	5.880e-04	28
19	1902582	rs78473530	G	C	1.328e-01	0	0.000e+00	0.000e+00	0.000e+00	1.136e+01	7.508e-04	31
19	1902647	rs112388327	C	G	1.281e-01	0	0.000e+00	0.000e+00	0.000e+00	1.181e+01	5.905e-04	29
19	1903057	rs10416191	C	T	1.298e-01	0	6.000e-04	-3.205e-01	1.012e-01	1.233e+01	4.461e-04	21
19	1903208	rs10417324	A	G	1.735e-01	0	0.000e+00	0.000e+00	0.000e+00	7.436e+00	6.392e-03	57
19	1904612	rs754799	T	G	1.690e-01	0	0.000e+00	0.000e+00	0.000e+00	7.937e+00	4.844e-03	54
19	1904826	rs368868264	GGTGGAGGTT	G	5.568e-01	0	0.000e+00	0.000e+00	0.000e+00	3.679e+00	5.509e-02	133
19	1904837	rs372933603	CAGTGAGCCT	C	5.546e-01	0	0.000e+00	0.000e+00	0.000e+00	3.832e+00	5.028e-02	131
19	1905356	rs754066	G	A	1.685e-01	0	0.000e+00	0.000e+00	0.000e+00	7.969e+00	4.759e-03	52
19	1905559	rs754065	G	C	1.266e-01	0	0.000e+00	0.000e+00	0.000e+00	1.199e+01	5.357e-04	25
19	1905725	rs8100159	G	C	1.678e-01	0	0.000e+00	0.000e+00	0.000e+00	7.953e+00	4.801e-03	53
19	1906331	rs7408452	G	C	7.343e-01	0	0.000e+00	0.000e+00	0.000e+00	2.573e-01	6.120e-01	671
19	1906359	rs55923216	CA	C	5.781e-01	0	0.000e+00	0.000e+00	0.000e+00	4.447e+00	3.497e-02	115
19	1907087	rs12978400	A	G	1.495e-01	0	0.000e+00	0.000e+00	0.000e+00	9.481e+00	2.076e-03	44
19	1907191	rs7254955	A	G	1.092e-01	0	2.000e-04	-3.407e-01	1.002e-01	1.414e+01	1.697e-04	11
19	1907390	rs547484655	T	TAAA	1.099e-01	0	0.000e+00	0.000e+00	0.000e+00	1.176e+01	6.059e-04	30
19	1907479	rs2028261	C	T	1.096e-01	0	2.000e-04	-3.394e-01	9.975e-02	1.414e+01	1.698e-04	12
19	1908423	rs10408061	T	C	1.486e-01	0	0.000e+00	0.000e+00	0.000e+00	9.246e+00	2.361e-03	47
19	1908694	rs4806818	C	T	5.810e-01	0	0.000e+00	0.000e+00	0.000e+00	4.622e+00	3.157e-02	112
19	1909386	rs8102298	C	T	1.492e-01	0	0.000e+00	0.000e+00	0.000e+00	9.590e+00	1.956e-03	42
19	1909478	rs8105923	T	C	1.493e-01	0	0.000e+00	0.000e+00	0.000e+00	9.644e+00	1.900e-03	40
19	1909523	rs62127735	C	T	9.967e-02	0	0.000e+00	0.000e+00	0.000e+00	4.103e-02	8.395e-01	904
19	1909597	rs73916820	C	T	1.132e-01	0	2.000e-04	-3.335e-01	9.950e-02	1.371e+01	2.131e-04	15
19	1909714	rs7247750	G	A	1.486e-01	0	0.000e+00	0.000e+00	0.000e+00	9.711e+00	1.831e-03	39
19	1909717	rs9749188	A	G	1.513e-01	0	0.000e+00	0.000e+00	0.000e+00	9.165e+00	2.466e-03	48
19	1910106	rs7260336	A	C	1.158e-01	0	0.000e+00	0.000e+00	0.000e+00	1.308e+01	2.992e-04	18
19	1910360	rs7248579	T	C	1.090e-01	0	1.000e-04	-3.440e-01	1.003e-01	1.439e+01	1.487e-04	8
19	1910574	rs553093552	CT	C	8.634e-01	0	4.000e-04	3.626e-01	1.003e-01	1.598e+01	6.390e-05	1
19	1911154	rs113813142	G	A	1.091e-01	0	3.000e-04	-3.437e-01	1.003e-01	1.436e+01	1.506e-04	10
19	1911761	rs55854240	G	A	5.818e-01	0	0.000e+00	0.000e+00	0.000e+00	4.766e+00	2.903e-02	109
19	1911803	rs12609079	A	T	5.979e-01	0	0.000e+00	0.000e+00	0.000e+00	5.675e+00	1.721e-02	91
19	1912934	rs12984675	T	C	1.554e-01	0	0.000e+00	0.000e+00	0.000e+00	9.446e+00	2.117e-03	46
19	1912986	rs76159002	C	T	1.099e-01	0	2.000e-04	-3.495e-01	1.003e-01	1.485e+01	1.163e-04	4
19	1913533	rs10424273	G	A	1.085e-01	0	4.000e-04	-3.503e-01	1.018e-01	1.460e+01	1.332e-04	7
19	1913685	rs8110770	G	C	1.104e-01	0	0.000e+00	0.000e+00	0.000e+00	2.625e-01	6.084e-01	667
19	1914048	rs1610104	G	T	9.228e-01	0	0.000e+00	0.000e+00	0.000e+00	2.285e-01	6.327e-01	692
19	1914465	rs56212356	C	T	8.144e-01	0	0.000e+00	0.000e+00	0.000e+00	8.769e+00	3.064e-03	49
